1	10
0	3 	12	2	2	3	7	
1	6 	8	8	2	9	3	
2	73 	8	8	2	5	4	
3	1 	12	4	2	5	9	
4	91 	4	4	2	6	7	
5	63 	16	6	1	6	
6	81 	4	4	1	8	
7	246 	4	2	1	1	
8	2 	12	2	1	9	
9	1 	4	6	0	
2	12
0	45 	12	2	2	5	11	
1	164 	16	6	1	9	
2	10 	4	2	2	9	4	
3	46 	12	2	2	4	9	
4	3 	12	2	2	0	11	
5	7 	4	2	2	1	7	
6	57 	4	2	2	4	0	
7	6 	12	8	1	11	
8	87 	4	6	2	10	3	
9	151 	16	6	0	
10	3 	8	8	1	5	
11	74 	16	4	0	
3	25
0	5 	16	6	1	17	
1	2 	8	2	1	11	
2	2 	8	8	2	20	8	
3	700 	16	8	1	22	
4	50 	16	2	1	17	
5	11 	4	2	2	14	16	
6	56 	12	8	2	10	23	
7	299 	8	2	1	20	
8	820 	12	4	2	22	12	
9	53 	16	4	1	23	
10	1 	4	4	2	3	22	
11	511 	4	8	2	10	15	
12	5 	16	2	1	19	
13	497 	4	2	1	11	
14	2 	16	2	1	4	
15	6 	8	2	1	13	
16	28 	4	8	1	4	
17	76 	8	8	2	2	3	
18	6 	12	6	1	19	
19	145 	16	4	2	23	9	
20	859 	4	6	2	9	6	
21	3 	4	4	1	18	
22	4 	12	8	1	19	
23	1 	16	6	0	
24	125 	12	2	1	6	
4	28
0	2 	8	4	2	20	18	
1	6 	4	4	2	17	21	
2	314 	4	6	1	3	
3	673 	8	4	2	2	1	
4	85 	12	4	1	12	
5	204 	12	4	2	16	21	
6	495 	8	2	1	4	
7	18 	4	2	2	5	24	
8	2 	4	8	1	27	
9	1 	4	8	1	24	
10	2 	8	6	1	0	
11	282 	8	8	2	16	5	
12	1 	12	4	1	10	
13	9 	16	4	2	22	10	
14	4 	12	8	2	16	12	
15	369 	12	8	2	2	14	
16	6 	16	2	2	8	27	
17	2 	8	2	2	24	20	
18	3 	8	6	2	20	23	
19	49 	4	4	2	24	23	
20	41 	4	8	2	25	27	
21	51 	16	2	2	13	4	
22	1 	4	8	2	24	2	
23	15 	12	4	2	17	8	
24	232 	8	8	0	
25	826 	12	6	1	27	
26	1 	12	4	1	16	
27	7 	4	8	1	9	
5	24
0	192 	12	4	1	14	
1	192 	8	4	2	5	16	
2	420 	4	4	1	11	
3	5 	16	6	1	17	
4	3 	16	6	1	14	
5	2 	12	2	1	9	
6	59 	4	2	2	16	15	
7	2 	16	2	1	4	
8	17 	16	8	2	15	17	
9	6 	16	6	1	17	
10	125 	16	4	1	22	
11	44 	12	6	2	15	6	
12	509 	16	6	2	2	6	
13	52 	8	6	2	16	2	
14	1 	4	8	1	8	
15	1 	4	8	1	18	
16	124 	4	6	1	4	
17	41 	12	6	2	19	10	
18	4 	8	6	1	22	
19	7 	12	2	1	18	
20	17 	12	2	2	21	4	
21	127 	4	6	2	13	7	
22	19 	16	4	0	
23	86 	12	8	1	20	
6	19
0	675 	4	8	1	8	
1	205 	16	2	2	9	5	
2	429 	16	6	1	12	
3	965 	12	6	2	2	11	
4	3 	4	6	1	15	
5	3 	12	8	2	3	4	
6	2 	12	4	1	2	
7	11 	12	2	1	6	
8	1 	12	4	1	17	
9	382 	4	6	2	11	15	
10	781 	16	2	2	9	6	
11	1 	12	2	1	12	
12	4 	4	6	2	4	2	
13	1 	8	8	1	2	
14	22 	8	8	2	6	5	
15	842 	12	2	1	1	
16	8 	12	4	1	17	
17	147 	4	4	0	
18	2 	8	8	2	11	9	
7	19
0	1 	12	6	1	10	
1	516 	4	8	1	15	
2	304 	4	4	1	4	
3	2 	12	6	1	13	
4	585 	8	8	2	18	6	
5	3 	12	6	2	2	7	
6	403 	8	6	1	14	
7	102 	16	6	2	5	2	
8	871 	16	4	2	13	0	
9	71 	4	2	1	18	
10	931 	16	2	2	4	9	
11	2 	12	4	2	1	1	
12	252 	4	8	1	5	
13	2 	16	8	2	15	2	
14	1 	12	2	1	1	
15	357 	16	4	0	
16	11 	12	4	2	10	11	
17	34 	16	4	1	5	
18	134 	8	6	2	11	11	
8	7
0	24 	4	2	2	1	5	
1	81 	12	4	1	6	
2	109 	4	6	1	3	
3	23 	8	8	1	5	
4	4 	4	4	1	2	
5	13 	16	6	1	1	
6	23 	12	6	0	
9	24
0	9 	12	8	2	2	16	
1	2 	4	2	2	17	4	
2	808 	16	2	1	7	
3	5 	4	8	1	5	
4	245 	16	6	1	12	
5	33 	16	8	1	13	
6	12 	4	2	1	9	
7	2 	4	8	1	17	
8	406 	4	6	1	15	
9	713 	12	2	2	22	16	
10	2 	8	4	2	16	7	
11	33 	16	2	2	0	12	
12	10 	4	4	2	14	15	
13	120 	4	8	2	9	8	
14	10 	16	8	2	19	16	
15	53 	16	2	1	0	
16	15 	4	2	0	
17	522 	8	2	1	6	
18	431 	12	6	2	20	4	
19	39 	16	6	1	16	
20	14 	16	4	2	15	7	
21	11 	4	4	2	4	3	
22	21 	8	8	2	19	16	
23	2 	12	6	2	4	9	
10	19
0	318 	12	2	2	16	10	
1	10 	16	4	2	17	4	
2	1 	16	8	2	10	17	
3	247 	12	2	1	10	
4	9 	16	8	2	15	15	
5	21 	12	4	2	12	18	
6	1 	12	4	2	16	11	
7	233 	16	4	2	14	14	
8	16 	16	4	2	4	11	
9	219 	4	6	1	3	
10	11 	4	2	2	16	16	
11	35 	4	8	2	7	12	
12	9 	12	6	2	2	11	
13	11 	12	8	1	9	
14	48 	16	4	2	9	2	
15	119 	16	4	1	9	
16	677 	16	2	0	
17	99 	16	2	1	4	
18	12 	4	4	1	0	
11	23
0	149 	4	2	2	13	18	
1	471 	8	4	2	10	10	
2	1 	12	2	2	1	1	
3	105 	8	4	2	13	5	
4	62 	4	6	1	14	
5	1 	16	6	2	16	10	
6	667 	8	4	1	19	
7	612 	4	6	2	21	20	
8	8 	8	6	2	7	12	
9	10 	4	2	1	10	
10	6 	16	4	2	20	22	
11	54 	16	6	1	10	
12	1 	4	2	2	17	20	
13	2 	16	2	1	17	
14	357 	12	2	2	7	9	
15	335 	4	8	2	12	14	
16	326 	4	4	1	10	
17	25 	16	8	1	21	
18	49 	4	2	1	13	
19	22 	8	2	2	2	8	
20	1 	16	2	1	14	
21	5 	4	4	0	
22	32 	8	8	1	0	
12	22
0	4 	16	2	1	20	
1	1 	12	6	2	16	19	
2	1 	16	8	2	3	9	
3	13 	16	6	1	17	
4	484 	8	8	2	21	3	
5	7 	4	4	1	19	
6	150 	16	8	1	19	
7	5 	4	6	2	10	6	
8	220 	12	8	2	2	19	
9	243 	16	2	2	15	20	
10	1 	16	6	1	6	
11	295 	16	4	1	4	
12	17 	8	4	2	3	2	
13	6 	12	8	1	20	
14	383 	16	6	1	3	
15	41 	8	8	1	10	
16	1 	12	4	2	20	2	
17	14 	8	4	2	1	8	
18	367 	4	2	1	9	
19	4 	8	2	1	5	
20	75 	12	4	0	
21	100 	12	6	2	7	0	
13	13
0	205 	12	8	2	2	8	
1	21 	4	6	2	4	11	
2	126 	16	6	2	4	9	
3	3 	4	8	2	9	8	
4	24 	12	8	2	9	3	
5	282 	16	2	2	2	7	
6	32 	4	4	1	1	
7	2 	4	2	1	3	
8	26 	16	2	1	11	
9	1 	8	6	1	12	
10	56 	16	2	1	7	
11	31 	12	4	1	12	
12	169 	16	2	0	
14	28
0	11 	12	8	2	26	9	
1	5 	16	2	1	14	
2	9 	12	2	1	8	
3	91 	16	6	2	18	12	
4	1 	8	4	1	19	
5	4 	16	4	1	6	
6	4 	16	6	2	7	19	
7	23 	8	6	1	23	
8	122 	12	6	2	16	9	
9	2 	16	4	2	14	23	
10	66 	16	8	1	7	
11	1 	12	2	1	14	
12	12 	16	4	2	17	14	
13	51 	16	6	2	26	20	
14	530 	12	4	1	10	
15	910 	8	6	1	0	
16	1 	4	4	1	13	
17	2 	16	8	1	19	
18	99 	8	4	2	14	13	
19	74 	4	4	1	5	
20	27 	16	2	1	25	
21	11 	8	2	1	2	
22	1 	8	8	1	19	
23	10 	16	8	2	26	24	
24	85 	12	4	1	13	
25	35 	12	2	0	
26	11 	12	8	0	
27	14 	8	2	1	22	
15	21
0	1 	16	4	1	15	
1	21 	16	4	1	3	
2	4 	8	6	2	15	20	
3	14 	8	8	2	7	14	
4	39 	16	2	1	9	
5	351 	4	6	2	6	12	
6	89 	4	6	1	1	
7	1 	8	6	1	2	
8	900 	4	6	2	2	18	
9	165 	16	4	2	4	14	
10	529 	4	8	2	6	19	
11	31 	4	6	2	2	0	
12	3 	4	8	2	8	4	
13	2 	8	2	1	3	
14	51 	16	6	1	9	
15	54 	16	2	1	16	
16	4 	4	4	2	19	18	
17	2 	16	8	1	0	
18	77 	4	6	1	19	
19	26 	12	4	0	
20	161 	12	6	2	4	16	
16	21
0	3 	16	2	1	8	
1	660 	8	4	1	16	
2	345 	4	6	1	15	
3	20 	12	4	2	17	17	
4	7 	12	6	2	13	10	
5	1 	12	8	2	10	12	
6	147 	8	4	2	0	15	
7	22 	16	4	2	2	3	
8	7 	4	8	1	16	
9	22 	12	2	2	15	3	
10	77 	4	4	2	6	2	
11	9 	4	8	2	2	10	
12	383 	12	8	1	4	
13	409 	16	8	1	19	
14	236 	4	2	1	10	
15	17 	8	4	2	19	2	
16	49 	8	4	1	13	
17	58 	8	6	2	4	14	
18	1 	16	6	2	17	17	
19	49 	12	2	0	
20	2 	8	6	1	1	
17	11
0	30 	16	2	2	1	1	
1	2 	16	2	1	4	
2	72 	4	4	1	7	
3	62 	8	4	1	9	
4	683 	8	8	2	8	8	
5	10 	12	6	1	4	
6	40 	8	2	1	2	
7	244 	4	2	2	0	9	
8	17 	16	2	1	9	
9	1 	16	8	0	
10	294 	8	6	2	3	1	
18	8
0	593 	4	2	2	3	3	
1	475 	4	8	1	6	
2	1 	8	6	1	1	
3	52 	4	2	1	7	
4	109 	4	4	1	6	
5	7 	4	8	2	1	0	
6	132 	16	2	2	0	1	
7	8 	12	4	0	
19	10
0	741 	16	2	2	4	1	
1	1 	12	2	2	6	3	
2	22 	4	2	1	5	
3	95 	12	2	1	6	
4	9 	8	6	2	5	2	
5	45 	16	4	1	6	
6	5 	12	2	0	
7	237 	16	2	1	3	
8	1 	8	6	1	0	
9	48 	8	6	2	8	5	
20	5
0	21 	12	4	1	1	
1	34 	8	8	1	4	
2	121 	16	2	2	3	1	
3	3 	16	4	1	2	
4	189 	8	8	0	
21	22
0	1 	8	2	2	6	8	
1	129 	8	2	1	11	
2	217 	16	4	2	21	21	
3	362 	4	6	1	0	
4	112 	12	8	1	19	
5	1 	8	4	2	0	9	
6	17 	16	6	1	4	
7	78 	12	8	2	13	1	
8	7 	16	4	1	10	
9	2 	8	8	2	18	12	
10	914 	16	4	1	17	
11	145 	8	4	2	1	21	
12	37 	8	4	1	8	
13	7 	4	6	1	20	
14	4 	4	8	2	2	19	
15	290 	8	8	2	4	20	
16	623 	16	6	2	1	18	
17	1 	16	8	2	4	6	
18	2 	8	2	2	5	16	
19	93 	4	4	0	
20	2 	16	4	2	21	13	
21	72 	8	6	2	9	0	
22	30
0	1 	8	4	2	10	27	
1	730 	12	4	1	7	
2	173 	16	8	2	8	5	
3	2 	4	4	2	11	0	
4	58 	4	8	2	26	0	
5	2 	4	4	2	19	4	
6	3 	8	4	2	20	26	
7	427 	16	6	1	16	
8	6 	16	6	1	24	
9	8 	4	6	1	3	
10	2 	12	4	1	25	
11	2 	16	8	2	13	25	
12	1 	12	4	2	11	28	
13	445 	8	4	1	5	
14	37 	16	8	1	10	
15	6 	12	4	2	18	11	
16	19 	12	6	2	15	11	
17	30 	8	6	2	20	0	
18	23 	4	4	2	20	15	
19	16 	16	8	2	7	20	
20	1 	16	6	2	13	23	
21	1 	16	8	1	9	
22	71 	12	8	1	19	
23	49 	4	6	1	7	
24	6 	8	8	1	4	
25	292 	12	8	0	
26	174 	16	4	1	22	
27	3 	8	6	0	
28	3 	4	2	2	7	12	
29	2 	12	6	2	14	2	
23	12
0	1 	4	6	1	11	
1	71 	12	2	2	7	3	
2	64 	16	8	1	3	
3	2 	4	2	1	5	
4	1 	4	4	1	7	
5	34 	4	6	2	6	11	
6	18 	16	4	2	7	11	
7	140 	8	8	2	4	6	
8	6 	12	8	1	7	
9	1 	8	6	2	10	6	
10	340 	12	2	2	1	11	
11	133 	12	4	0	
24	23
0	857 	12	4	1	18	
1	85 	16	2	1	16	
2	255 	12	4	1	13	
3	611 	12	6	1	18	
4	1 	12	8	1	12	
5	6 	16	2	2	2	3	
6	7 	8	2	2	21	12	
7	1 	8	6	1	5	
8	17 	16	4	1	0	
9	841 	4	2	1	16	
10	2 	8	4	2	4	15	
11	5 	12	4	2	18	16	
12	12 	12	2	2	7	14	
13	526 	8	8	1	2	
14	6 	4	4	2	19	7	
15	37 	12	8	1	19	
16	3 	12	2	1	19	
17	6 	12	2	1	21	
18	7 	4	2	2	16	20	
19	66 	12	4	0	
20	1 	12	8	1	16	
21	1 	4	8	2	6	9	
22	29 	8	2	1	13	
25	13
0	16 	4	4	1	6	
1	8 	8	6	2	11	4	
2	1 	4	2	2	3	1	
3	13 	12	4	1	7	
4	3 	12	2	1	1	
5	1 	12	2	1	9	
6	4 	4	6	2	3	9	
7	104 	12	6	1	10	
8	242 	12	6	1	7	
9	1 	12	6	1	11	
10	89 	8	6	1	9	
11	664 	8	8	0	
12	24 	4	8	1	4	
26	10
0	2 	4	4	2	3	5	
1	210 	16	4	1	9	
2	8 	12	2	2	1	0	
3	419 	4	2	1	1	
4	39 	12	6	1	1	
5	66 	4	8	1	8	
6	1 	12	4	2	4	3	
7	308 	12	6	2	8	3	
8	3 	4	4	2	4	3	
9	29 	4	2	0	
27	10
0	46 	8	2	1	7	
1	225 	4	2	1	9	
2	64 	16	6	1	1	
3	58 	4	4	1	6	
4	8 	16	6	1	3	
5	4 	4	8	2	2	6	
6	268 	16	4	1	7	
7	105 	12	2	0	
8	358 	16	4	1	9	
9	343 	4	8	1	6	
28	20
0	1 	16	8	2	10	7	
1	120 	12	2	2	10	8	
2	3 	8	4	2	11	8	
3	70 	16	4	1	14	
4	7 	4	2	1	12	
5	426 	8	6	1	16	
6	3 	12	8	1	11	
7	6 	8	4	1	15	
8	350 	12	6	2	0	10	
9	49 	16	2	1	8	
10	3 	16	2	1	11	
11	4 	16	4	2	17	5	
12	21 	12	4	2	7	13	
13	54 	16	4	2	18	1	
14	786 	16	8	1	10	
15	1 	16	6	1	5	
16	40 	12	6	1	17	
17	1 	12	8	0	
18	13 	12	8	2	19	3	
19	149 	4	8	1	10	
29	20
0	60 	4	6	1	4	
1	6 	16	4	2	17	12	
2	3 	16	8	1	11	
3	222 	4	4	2	10	19	
4	123 	8	8	1	8	
5	280 	4	4	1	19	
6	4 	16	8	2	12	14	
7	2 	12	6	2	9	10	
8	1 	12	2	2	2	2	
9	344 	8	6	1	5	
10	1 	4	8	1	0	
11	4 	8	6	1	12	
12	247 	12	4	2	9	15	
13	1 	8	4	1	15	
14	2 	8	6	1	0	
15	2 	4	2	2	9	19	
16	198 	8	6	2	1	19	
17	12 	8	6	1	11	
18	8 	12	2	1	6	
19	150 	4	8	0	
30	23
0	24 	16	6	1	2	
1	315 	8	8	2	17	10	
2	221 	8	6	1	22	
3	4 	16	4	1	6	
4	85 	4	4	2	13	7	
5	319 	12	2	2	21	18	
6	19 	4	8	2	18	10	
7	11 	8	2	1	18	
8	2 	12	2	2	20	6	
9	369 	8	6	1	14	
10	57 	4	4	2	14	8	
11	2 	12	8	1	17	
12	397 	16	6	2	11	10	
13	15 	4	8	1	22	
14	12 	8	8	2	4	5	
15	2 	16	4	2	21	18	
16	977 	8	4	1	11	
17	407 	12	6	2	1	4	
18	1 	12	8	1	19	
19	138 	12	8	2	8	14	
20	40 	12	2	1	6	
21	1 	12	8	2	7	20	
22	44 	4	2	0	
31	5
0	7 	8	8	2	2	4	
1	6 	16	6	1	4	
2	4 	12	8	2	3	3	
3	20 	8	8	1	4	
4	229 	4	2	0	
32	15
0	3 	16	8	1	7	
1	22 	12	6	1	0	
2	1 	4	4	1	0	
3	1 	4	6	1	4	
4	4 	8	4	2	0	13	
5	5 	16	2	2	0	7	
6	382 	8	6	2	4	4	
7	2 	4	8	2	14	8	
8	200 	16	4	1	10	
9	179 	12	4	2	12	5	
10	171 	4	2	1	12	
11	63 	12	8	2	13	4	
12	1 	16	6	1	13	
13	1 	12	6	1	14	
14	162 	4	6	0	
33	20
0	645 	12	4	1	17	
1	369 	8	6	1	5	
2	55 	16	6	2	5	8	
3	2 	16	6	2	18	12	
4	92 	16	6	1	16	
5	11 	4	8	2	11	0	
6	102 	8	4	2	13	3	
7	410 	16	2	2	17	16	
8	16 	16	4	1	5	
9	432 	8	6	2	13	3	
10	2 	12	8	2	8	2	
11	5 	8	4	1	16	
12	1 	16	2	2	5	18	
13	116 	4	6	1	3	
14	612 	4	2	1	13	
15	5 	16	6	2	2	6	
16	76 	16	8	1	18	
17	12 	16	2	1	19	
18	435 	8	2	1	11	
19	20 	8	4	0	
34	20
0	2 	12	2	2	1	17	
1	14 	4	6	2	10	19	
2	156 	4	2	2	7	19	
3	3 	4	8	1	5	
4	50 	8	6	1	8	
5	5 	4	2	2	0	10	
6	10 	12	6	1	9	
7	4 	4	2	1	4	
8	21 	4	4	1	12	
9	58 	8	4	2	12	11	
10	226 	16	6	1	12	
11	8 	4	4	1	0	
12	4 	16	4	1	18	
13	1 	4	4	1	12	
14	406 	12	6	2	16	19	
15	52 	4	4	2	17	5	
16	27 	16	2	1	1	
17	1 	12	8	2	2	4	
18	35 	4	4	0	
19	14 	12	6	1	18	
35	9
0	350 	8	4	2	2	8	
1	1 	16	8	2	7	0	
2	11 	16	8	2	7	6	
3	101 	12	2	2	6	6	
4	34 	4	4	2	5	8	
5	5 	12	8	2	6	6	
6	2 	4	8	2	7	8	
7	587 	12	6	0	
8	1 	12	8	0	
36	24
0	681 	8	8	1	6	
1	123 	8	2	2	4	2	
2	7 	12	6	1	21	
3	47 	4	4	2	15	11	
4	566 	16	6	2	15	7	
5	1 	8	8	1	7	
6	2 	12	2	1	4	
7	136 	12	6	1	13	
8	529 	16	8	2	2	13	
9	27 	8	2	1	6	
10	251 	8	8	1	20	
11	11 	16	6	1	12	
12	20 	12	8	2	11	19	
13	1 	4	8	1	15	
14	340 	16	8	2	13	13	
15	178 	16	6	2	16	10	
16	11 	4	8	2	21	2	
17	20 	8	6	2	4	7	
18	729 	12	8	2	2	1	
19	164 	8	8	1	13	
20	518 	4	2	0	
21	2 	4	8	1	20	
22	32 	8	4	1	20	
23	31 	16	2	2	16	9	
37	10
0	230 	8	2	2	3	5	
1	1 	16	8	2	8	4	
2	1 	8	4	1	7	
3	5 	12	4	2	9	8	
4	19 	12	8	2	7	9	
5	3 	16	6	1	4	
6	3 	8	8	1	5	
7	327 	8	6	1	9	
8	7 	4	4	1	7	
9	46 	8	2	0	
38	22
0	133 	8	2	2	17	16	
1	3 	8	6	1	17	
2	9 	12	4	2	19	16	
3	1 	8	2	1	18	
4	2 	8	8	2	9	7	
5	56 	12	6	1	21	
6	113 	12	8	1	3	
7	122 	4	8	2	3	9	
8	8 	8	4	2	5	11	
9	156 	4	2	1	0	
10	604 	12	8	1	17	
11	1 	8	4	1	3	
12	1 	4	2	1	3	
13	6 	16	6	2	1	19	
14	45 	4	4	2	18	12	
15	5 	12	2	2	13	20	
16	53 	4	2	1	8	
17	107 	16	2	1	16	
18	5 	12	2	1	21	
19	127 	12	6	1	1	
20	52 	4	8	2	9	12	
21	69 	16	2	0	
39	13
0	40 	8	4	1	10	
1	10 	12	6	2	2	8	
2	8 	8	4	1	0	
3	4 	8	6	1	11	
4	322 	12	2	2	2	3	
5	11 	12	2	1	7	
6	11 	12	6	1	12	
7	634 	16	2	1	1	
8	10 	16	2	2	3	2	
9	3 	4	6	2	8	12	
10	770 	16	6	1	12	
11	328 	16	2	2	9	2	
12	5 	8	4	0	
40	19
0	2 	16	6	2	2	17	
1	47 	4	2	1	3	
2	641 	12	6	1	4	
3	35 	16	8	1	9	
4	69 	16	4	1	9	
5	89 	8	2	2	1	3	
6	43 	8	4	1	0	
7	102 	8	8	1	15	
8	199 	8	8	2	1	0	
9	1 	4	2	2	11	14	
10	5 	4	6	1	14	
11	14 	8	4	2	10	16	
12	238 	8	6	2	2	2	
13	119 	12	6	2	10	6	
14	27 	12	4	0	
15	72 	8	6	2	2	13	
16	638 	12	8	1	18	
17	178 	12	6	1	2	
18	63 	12	2	2	10	14	
41	14
0	247 	16	8	1	8	
1	46 	12	4	2	10	9	
2	24 	4	8	2	1	10	
3	48 	12	6	2	9	4	
4	2 	12	6	1	1	
5	936 	12	8	2	13	2	
6	5 	4	4	2	7	4	
7	2 	8	8	2	0	0	
8	8 	8	4	1	13	
9	172 	4	4	1	4	
10	21 	8	4	1	5	
11	823 	12	2	2	12	6	
12	20 	12	2	2	8	2	
13	2 	8	6	0	
42	13
0	1 	16	6	2	10	11	
1	25 	8	6	2	12	6	
2	2 	4	4	1	3	
3	5 	12	8	1	4	
4	637 	16	4	2	10	11	
5	206 	8	4	2	1	2	
6	2 	16	8	2	1	7	
7	421 	4	4	1	10	
8	1 	4	6	1	2	
9	933 	12	4	2	5	0	
10	93 	12	6	1	11	
11	1 	8	4	0	
12	3 	4	6	2	0	6	
43	22
0	534 	4	4	1	19	
1	737 	16	6	1	20	
2	1 	12	2	1	13	
3	798 	16	8	2	12	15	
4	12 	12	2	1	12	
5	1 	12	8	2	16	2	
6	547 	4	2	2	17	3	
7	421 	12	2	2	4	20	
8	13 	4	8	2	10	11	
9	18 	12	4	1	4	
10	7 	4	4	2	4	5	
11	684 	12	4	1	13	
12	140 	12	6	1	3	
13	167 	16	4	1	3	
14	658 	4	2	2	19	6	
15	12 	12	4	1	8	
16	1 	16	8	2	0	11	
17	1 	16	2	1	14	
18	2 	8	8	1	0	
19	260 	16	4	1	21	
20	12 	4	6	1	21	
21	19 	16	8	0	
44	9
0	2 	4	4	1	6	
1	33 	4	2	2	3	4	
2	2 	16	4	2	6	6	
3	1 	12	2	1	2	
4	11 	12	6	2	6	5	
5	12 	4	8	1	8	
6	1 	12	4	1	7	
7	49 	12	4	0	
8	66 	8	4	2	4	0	
45	6
0	369 	4	8	2	4	4	
1	1 	8	8	1	0	
2	1 	12	8	1	1	
3	1 	12	8	2	5	1	
4	2 	4	8	1	5	
5	176 	16	4	0	
46	29
0	968 	16	8	1	21	
1	1 	16	4	1	26	
2	272 	16	2	2	16	22	
3	1 	8	8	1	17	
4	7 	16	8	1	22	
5	2 	4	2	1	22	
6	12 	4	2	2	16	27	
7	41 	16	4	2	14	15	
8	43 	12	2	1	7	
9	3 	8	4	1	13	
10	1 	8	2	2	3	8	
11	672 	16	2	2	18	5	
12	4 	8	8	2	24	27	
13	103 	12	6	2	22	16	
14	123 	4	4	2	16	18	
15	16 	8	4	1	26	
16	7 	4	6	1	13	
17	44 	16	8	2	8	1	
18	984 	12	4	2	24	16	
19	12 	12	2	2	11	22	
20	7 	12	4	1	12	
21	16 	12	2	1	20	
22	39 	16	6	2	16	14	
23	6 	16	6	1	22	
24	6 	8	8	1	1	
25	60 	4	8	2	9	24	
26	14 	16	6	1	27	
27	1 	16	6	0	
28	113 	4	8	2	18	14	
47	20
0	30 	12	4	1	10	
1	1 	12	6	2	17	13	
2	43 	16	2	1	7	
3	7 	4	6	2	13	17	
4	72 	8	4	1	8	
5	2 	16	4	1	3	
6	10 	8	8	1	11	
7	419 	8	2	1	8	
8	1 	16	2	1	7	
9	27 	16	6	1	15	
10	41 	12	6	2	17	15	
11	96 	12	8	1	8	
12	16 	12	4	1	18	
13	4 	4	4	2	19	16	
14	182 	8	6	1	13	
15	618 	16	2	1	1	
16	26 	4	6	1	18	
17	16 	16	8	1	13	
18	1 	16	2	0	
19	2 	4	8	0	
48	14
0	2 	16	2	2	9	7	
1	162 	12	2	1	9	
2	6 	16	4	1	10	
3	192 	12	8	1	7	
4	1 	8	8	1	5	
5	1 	12	4	2	4	4	
6	30 	16	2	2	11	13	
7	8 	8	6	2	2	9	
8	5 	12	2	1	13	
9	4 	4	6	1	13	
10	33 	8	6	1	8	
11	11 	8	8	1	4	
12	1 	4	6	1	9	
13	4 	16	2	0	
49	30
0	78 	12	6	2	18	3	
1	1 	12	4	2	27	23	
2	4 	12	4	2	11	21	
3	151 	8	4	1	17	
4	4 	16	4	2	1	28	
5	533 	4	2	2	6	26	
6	88 	4	2	1	19	
7	4 	16	2	1	27	
8	273 	12	2	2	19	6	
9	8 	8	4	1	10	
10	243 	8	8	1	12	
11	18 	4	4	2	12	29	
12	14 	16	8	1	0	
13	76 	12	8	1	27	
14	1 	16	6	2	8	9	
15	140 	4	8	2	19	26	
16	114 	16	4	2	20	25	
17	1 	12	2	1	26	
18	25 	8	2	2	22	15	
19	2 	8	8	1	20	
20	1 	4	4	1	21	
21	671 	12	2	2	1	1	
22	10 	8	6	2	15	3	
23	3 	16	4	2	13	28	
24	1 	8	6	1	22	
25	1 	16	6	2	22	19	
26	4 	4	8	1	6	
27	64 	8	4	1	29	
28	2 	12	6	1	29	
29	49 	4	4	0	
50	14
0	991 	12	6	1	11	
1	63 	12	6	1	13	
2	233 	4	8	2	1	5	
3	6 	16	2	2	2	2	
4	15 	16	2	1	12	
5	4 	12	2	2	7	4	
6	269 	16	4	1	1	
7	113 	16	4	2	5	11	
8	1 	16	8	1	9	
9	536 	4	4	2	4	5	
10	144 	12	6	2	3	2	
11	194 	16	6	1	13	
12	189 	4	8	1	1	
13	691 	4	2	0	
51	30
0	3 	16	6	2	16	11	
1	619 	16	8	2	6	26	
2	140 	16	6	1	22	
3	23 	4	4	2	19	11	
4	632 	16	6	1	28	
5	588 	12	6	2	9	6	
6	12 	12	4	2	3	28	
7	156 	8	2	1	4	
8	4 	4	4	2	0	23	
9	15 	12	6	2	16	2	
10	46 	16	8	1	22	
11	489 	4	6	1	29	
12	2 	4	8	1	16	
13	98 	12	6	2	15	4	
14	34 	4	6	1	4	
15	2 	16	6	2	20	18	
16	1 	4	2	2	13	28	
17	1 	8	2	2	13	1	
18	9 	12	4	2	14	14	
19	17 	12	6	1	11	
20	74 	8	2	1	14	
21	41 	4	4	2	23	19	
22	1 	8	2	2	2	6	
23	222 	16	2	1	18	
24	3 	12	4	2	17	26	
25	1 	4	8	2	11	17	
26	17 	4	6	1	5	
27	183 	8	8	1	11	
28	144 	8	4	1	3	
29	188 	16	8	0	
52	21
0	22 	16	8	2	2	12	
1	86 	16	8	1	18	
2	2 	4	6	1	18	
3	1 	16	8	2	10	5	
4	346 	4	4	2	3	17	
5	177 	8	4	2	20	4	
6	445 	16	2	1	8	
7	15 	12	8	1	2	
8	7 	4	2	2	12	12	
9	96 	4	4	1	14	
10	1 	4	4	2	16	8	
11	8 	16	6	1	17	
12	3 	4	4	2	17	20	
13	1 	12	8	1	3	
14	3 	8	8	2	7	0	
15	717 	16	8	2	18	6	
16	39 	8	4	1	0	
17	160 	12	6	1	20	
18	30 	8	4	0	
19	2 	16	4	1	7	
20	15 	4	6	2	7	1	
53	9
0	980 	8	6	1	3	
1	61 	4	8	2	8	7	
2	92 	8	6	1	3	
3	2 	16	4	2	4	5	
4	7 	16	8	1	6	
5	15 	12	6	1	7	
6	1 	16	4	1	1	
7	61 	4	4	1	8	
8	2 	12	2	0	
54	5
0	328 	8	4	2	3	4	
1	237 	8	2	1	3	
2	4 	4	6	1	4	
3	110 	12	6	1	2	
4	6 	4	2	0	
55	27
0	72 	16	4	1	12	
1	40 	16	2	2	0	10	
2	10 	16	4	2	22	18	
3	553 	4	6	1	24	
4	24 	16	6	2	14	1	
5	9 	8	4	2	10	3	
6	142 	16	8	1	12	
7	17 	8	6	1	23	
8	7 	16	6	2	15	18	
9	19 	16	4	2	5	3	
10	607 	16	2	1	4	
11	48 	8	4	1	16	
12	44 	8	6	1	23	
13	28 	12	6	1	12	
14	28 	16	8	1	26	
15	5 	8	8	1	25	
16	33 	12	2	2	5	25	
17	22 	16	4	2	7	18	
18	14 	16	8	2	11	4	
19	286 	8	4	1	12	
20	218 	16	6	1	6	
21	9 	16	2	1	0	
22	2 	16	8	2	2	5	
23	10 	4	4	1	25	
24	286 	12	6	2	10	0	
25	2 	16	2	0	
26	9 	4	8	2	14	14	
56	19
0	13 	12	8	1	4	
1	2 	8	2	1	10	
2	9 	4	2	1	15	
3	4 	16	4	1	16	
4	175 	12	8	1	3	
5	55 	8	6	2	0	2	
6	521 	8	2	1	11	
7	3 	16	6	2	11	10	
8	273 	12	4	1	18	
9	715 	12	2	2	12	11	
10	196 	8	4	2	5	4	
11	2 	8	6	2	1	14	
12	68 	8	4	1	4	
13	91 	4	4	1	10	
14	3 	8	6	2	8	7	
15	6 	12	4	2	5	9	
16	243 	4	6	0	
17	35 	16	6	2	16	3	
18	25 	12	2	1	4	
57	6
0	1 	12	2	1	5	
1	4 	12	2	2	4	2	
2	18 	12	4	1	5	
3	65 	12	6	1	1	
4	3 	4	2	2	0	2	
5	74 	8	2	0	
58	23
0	662 	16	6	2	12	22	
1	14 	12	6	2	4	2	
2	1 	16	2	2	22	22	
3	7 	12	8	2	7	5	
4	538 	16	6	2	5	2	
5	1 	4	6	2	15	6	
6	8 	4	6	2	16	12	
7	72 	12	8	1	20	
8	4 	12	2	1	4	
9	2 	4	2	2	7	15	
10	2 	8	6	1	20	
11	49 	4	8	1	7	
12	540 	4	6	2	11	17	
13	87 	4	8	2	11	16	
14	11 	8	2	2	18	22	
15	11 	4	8	2	0	1	
16	3 	16	4	1	8	
17	1 	16	2	1	10	
18	81 	12	4	2	13	7	
19	5 	16	2	1	18	
20	190 	4	6	1	2	
21	77 	16	6	2	22	16	
22	1 	8	4	0	
