
0 33
1 0.2125
2 0.25
3 0.25
4 0.25
5 0.25
6 0.2
7 0.2125
8 0.2125
9 0.2125
10 0.2125
11 0.2125
12 0.2125
13 0.2125
14 0.1625
15 0.2
16 0.2
17 0.2
18 0.1625
19 0.1875
20 0.1875
21 0.1875
22 0.1875
23 0.1875
24 0.1875
25 0.1875
26 0.1875
27 0.1875
28 0.1875
29 0.1875
30 0.1875
31 0.1875
32 0.1875
33 0.1875
34 0.1875
35 0.1875
36 0.1875
37 0.1875
38 0.1625
39 0.2
40 0.1625
41 0.1625
42 0.1625
43 0.1625
44 0.1625
45 0.1625
46 0.1625
47 0.1625
48 0.1625
49 0.1625
50 0.1625
50 87
51 0.6375
52 0.5625
53 0.6
54 0.5
55 0.5125
56 0.475
57 0.45
58 0.4625
59 0.4625
60 0.4375
61 0.4875
62 0.45
63 0.45
64 0.45
65 0.4375
66 0.4375
67 0.4375
68 0.4375
69 0.4125
70 0.4625
71 0.4625
72 0.4625
73 0.425
74 0.45
75 0.375
76 0.425
77 0.425
78 0.4125
79 0.4625
80 0.4625
81 0.4625
82 0.375
83 0.35
84 0.35
85 0.35
86 0.35
87 0.3
88 0.3
89 0.2875
90 0.375
91 0.375
92 0.375
93 0.375
94 0.325
95 0.3625
96 0.3625
97 0.3625
98 0.3625
99 0.3625
100 0.35
100 76
101 0.675
102 0.75
103 0.675
104 0.625
105 0.65
106 0.6125
107 0.65
108 0.65
109 0.65
110 0.6125
111 0.55
112 0.55
113 0.55
114 0.5375
115 0.525
116 0.525
117 0.4875
118 0.525
119 0.525
120 0.525
121 0.5125
122 0.5625
123 0.5125
124 0.475
125 0.475
126 0.4875
127 0.4375
128 0.4
129 0.4125
130 0.3875
131 0.3625
132 0.3625
133 0.325
134 0.3625
135 0.325
136 0.3125
137 0.3125
138 0.3125
139 0.3125
140 0.3125
141 0.3125
142 0.3125
143 0.3125
144 0.3125
145 0.275
146 0.225
147 0.275
148 0.275
149 0.275
150 0.275
150 101
151 0.525
152 0.525
153 0.475
154 0.425
155 0.4625
156 0.4125
157 0.475
158 0.45
159 0.45
160 0.4125
161 0.4
162 0.375
163 0.4
164 0.4125
165 0.4125
166 0.3625
167 0.4
168 0.4
169 0.4
170 0.4
171 0.375
172 0.45
173 0.4125
174 0.4625
175 0.4625
176 0.4125
177 0.3875
178 0.325
179 0.3625
180 0.3125
181 0.3125
182 0.3125
183 0.3125
184 0.3125
185 0.3125
186 0.3125
187 0.3
188 0.3
189 0.3
190 0.275
191 0.3125
192 0.3125
193 0.3125
194 0.3125
195 0.2875
196 0.3125
197 0.275
198 0.25
199 0.2625
200 0.2625
200 113
201 0.4875
202 0.525
203 0.4875
204 0.525
205 0.4875
206 0.55
207 0.5625
208 0.5625
209 0.5625
210 0.5625
211 0.525
212 0.5125
213 0.5125
214 0.525
215 0.5625
216 0.5375
217 0.55
218 0.525
219 0.4375
220 0.5125
221 0.5375
222 0.45
223 0.5125
224 0.475
225 0.55
226 0.5125
227 0.525
228 0.45
229 0.5125
230 0.5125
231 0.5125
232 0.5125
233 0.5
234 0.525
235 0.525
236 0.5
237 0.5125
238 0.4875
239 0.5125
240 0.4625
241 0.45
242 0.45
243 0.35
244 0.3375
245 0.2875
246 0.275
247 0.2625
248 0.2375
249 0.2625
250 0.3
250 142
251 0.625
252 0.625
253 0.65
254 0.6125
255 0.6
256 0.6
257 0.575
258 0.6125
259 0.6125
260 0.55
261 0.6
262 0.6
263 0.5125
264 0.55
265 0.55
266 0.4625
267 0.5375
268 0.4625
269 0.475
270 0.4875
271 0.4875
272 0.45
273 0.425
274 0.425
275 0.425
276 0.425
277 0.3875
278 0.35
279 0.35
280 0.275
281 0.375
282 0.375
283 0.35
284 0.3625
285 0.3625
286 0.3625
287 0.3625
288 0.3625
289 0.325
290 0.325
291 0.325
292 0.275
293 0.25
294 0.275
295 0.2625
296 0.35
297 0.35
298 0.35
299 0.35
300 0.325
300 132
301 0.625
302 0.6875
303 0.625
304 0.575
305 0.65
306 0.6125
307 0.65
308 0.65
309 0.65
310 0.6375
311 0.7125
312 0.675
313 0.675
314 0.65
315 0.55
316 0.7125
317 0.65
318 0.7125
319 0.7
320 0.6
321 0.6375
322 0.625
323 0.575
324 0.575
325 0.575
326 0.575
327 0.5875
328 0.575
329 0.575
330 0.575
331 0.575
332 0.5625
333 0.4625
334 0.55
335 0.5875
336 0.5875
337 0.55
338 0.55
339 0.55
340 0.5625
341 0.5625
342 0.5625
343 0.4625
344 0.525
345 0.4875
346 0.475
347 0.525
348 0.4625
349 0.4625
350 0.45
350 186
351 0.65
352 0.6
353 0.65
354 0.625
355 0.625
356 0.625
357 0.575
358 0.65
359 0.5625
360 0.7
361 0.6875
362 0.7
363 0.6625
364 0.5625
365 0.5375
366 0.5625
367 0.475
368 0.5125
369 0.5375
370 0.5875
371 0.55
372 0.55
373 0.5125
374 0.5625
375 0.5625
376 0.5625
377 0.5625
378 0.5625
379 0.5625
380 0.525
381 0.525
382 0.5125
383 0.55
384 0.55
385 0.5375
386 0.55
387 0.55
388 0.5
389 0.525
390 0.525
391 0.4875
392 0.5125
393 0.6125
394 0.6125
395 0.6125
396 0.575
397 0.4875
398 0.5375
399 0.5375
400 0.5375
400 209
401 0.5625
402 0.6875
403 0.725
404 0.6625
405 0.65
406 0.6375
407 0.65
408 0.65
409 0.65
410 0.65
411 0.6
412 0.55
413 0.625
414 0.65
415 0.675
416 0.6625
417 0.6625
418 0.6375
419 0.6625
420 0.625
421 0.6625
422 0.625
423 0.6625
424 0.65
425 0.6625
426 0.6375
427 0.6875
428 0.65
429 0.625
430 0.7
431 0.7
432 0.675
433 0.6125
434 0.6875
435 0.6375
436 0.7
437 0.6875
438 0.6875
439 0.6875
440 0.6625
441 0.6625
442 0.675
443 0.6125
444 0.6375
445 0.6375
446 0.6125
447 0.6125
448 0.5625
449 0.575
450 0.5125
450 36
451 0.575
452 0.6125
453 0.6125
454 0.6
455 0.55
456 0.575
457 0.575
458 0.575
459 0.575
460 0.5625
461 0.5875
462 0.5625
463 0.4375
464 0.55
465 0.575
466 0.5375
467 0.5375
468 0.475
469 0.4625
470 0.4125
471 0.4875
472 0.4625
473 0.5
474 0.4875
475 0.5125
476 0.475
477 0.525
478 0.5125
479 0.5
480 0.5125
481 0.4625
482 0.5
483 0.5
484 0.5125
485 0.5125
486 0.5125
487 0.475
488 0.5375
489 0.525
490 0.525
491 0.525
492 0.525
493 0.475
494 0.525
495 0.4875
496 0.475
497 0.5125
498 0.5
499 0.4625
500 0.5875
500 32
501 0.675
502 0.7125
503 0.6625
504 0.65
505 0.675
506 0.675
507 0.675
508 0.675
509 0.625
510 0.6
511 0.6375
512 0.625
513 0.6125
514 0.625
515 0.625
516 0.625
517 0.6
518 0.625
519 0.6125
520 0.6125
521 0.625
522 0.5875
523 0.575
524 0.6125
525 0.575
526 0.4875
527 0.65
528 0.65
529 0.6
530 0.6125
531 0.65
532 0.6375
533 0.6125
534 0.6375
535 0.625
536 0.6375
537 0.6
538 0.6625
539 0.6625
540 0.6
541 0.6125
542 0.6125
543 0.6625
544 0.6125
545 0.625
546 0.5375
547 0.5
548 0.55
549 0.55
550 0.5
550 74
551 0.7375
552 0.65
553 0.6375
554 0.65
555 0.675
556 0.675
557 0.675
558 0.6125
559 0.6125
560 0.5875
561 0.5375
562 0.575
563 0.525
564 0.475
565 0.5125
566 0.475
567 0.4875
568 0.5125
569 0.475
570 0.525
571 0.525
572 0.525
573 0.4875
574 0.4875
575 0.5
576 0.5
577 0.475
578 0.4375
579 0.5375
580 0.4875
581 0.525
582 0.525
583 0.45
584 0.425
585 0.4875
586 0.4375
587 0.4875
588 0.4375
589 0.3875
590 0.3875
591 0.4
592 0.4375
593 0.425
594 0.425
595 0.4
596 0.4125
597 0.3875
598 0.3375
599 0.3625
600 0.3625
600 76
601 0.55
602 0.525
603 0.5625
604 0.5125
605 0.5375
606 0.475
607 0.425
608 0.4375
609 0.4375
610 0.475
611 0.4375
612 0.45
613 0.425
614 0.4
615 0.4375
616 0.3875
617 0.3125
618 0.325
619 0.325
620 0.3875
621 0.425
622 0.3875
623 0.425
624 0.4125
625 0.375
626 0.4
627 0.3375
628 0.3375
629 0.35
630 0.325
631 0.2
632 0.2875
633 0.325
634 0.375
635 0.3625
636 0.375
637 0.375
638 0.3375
639 0.375
640 0.375
641 0.375
642 0.375
643 0.3375
644 0.3375
645 0.35
646 0.3625
647 0.3625
648 0.35
649 0.2875
650 0.325
650 100
651 0.6125
652 0.575
653 0.5625
654 0.55
655 0.5875
656 0.575
657 0.575
658 0.575
659 0.575
660 0.525
661 0.525
662 0.525
663 0.4875
664 0.5375
665 0.5
666 0.45
667 0.5
668 0.475
669 0.475
670 0.475
671 0.475
672 0.45
673 0.4375
674 0.4875
675 0.4375
676 0.4375
677 0.45
678 0.375
679 0.4125
680 0.4375
681 0.4125
682 0.425
683 0.45
684 0.45
685 0.45
686 0.425
687 0.425
688 0.425
689 0.425
690 0.425
691 0.3875
692 0.4375
693 0.3875
694 0.3875
695 0.4
696 0.375
697 0.4
698 0.4
699 0.3625
700 0.3875
700 129
701 0.5875
702 0.625
703 0.65
704 0.6875
705 0.6
706 0.6375
707 0.5375
708 0.6
709 0.6
710 0.5625
711 0.55
712 0.525
713 0.575
714 0.575
715 0.625
716 0.625
717 0.5375
718 0.55
719 0.5
720 0.5
721 0.4875
722 0.5375
723 0.525
724 0.525
725 0.5125
726 0.5125
727 0.5625
728 0.5375
729 0.45
730 0.5
731 0.5
732 0.4875
733 0.475
734 0.525
735 0.525
736 0.5125
737 0.5125
738 0.55
739 0.5125
740 0.425
741 0.4625
742 0.4125
743 0.4
744 0.4125
745 0.375
746 0.4625
747 0.4625
748 0.425
749 0.4
750 0.3875
750 150
751 0.575
752 0.5375
753 0.5875
754 0.6
755 0.6
756 0.5875
757 0.5375
758 0.65
759 0.5375
760 0.5375
761 0.6125
762 0.6
763 0.5875
764 0.6375
765 0.5875
766 0.5625
767 0.625
768 0.625
769 0.625
770 0.5875
771 0.6375
772 0.6375
773 0.65
774 0.65
775 0.65
776 0.6125
777 0.6125
778 0.6625
779 0.6875
780 0.625
781 0.625
782 0.625
783 0.625
784 0.5625
785 0.6375
786 0.65
787 0.65
788 0.65
789 0.65
790 0.6375
791 0.625
792 0.5125
793 0.55
794 0.5375
795 0.525
796 0.55
797 0.55
798 0.575
799 0.6
800 0.575
800 185
801 0.5625
802 0.575
803 0.625
804 0.6
805 0.6125
806 0.5125
807 0.5625
808 0.55
809 0.5625
810 0.5625
811 0.5625
812 0.5625
813 0.5625
814 0.55
815 0.5625
816 0.5625
817 0.55
818 0.6
819 0.575
820 0.575
821 0.525
822 0.525
823 0.525
824 0.5125
825 0.55
826 0.5375
827 0.6125
828 0.6
829 0.55
830 0.5875
831 0.5875
832 0.5875
833 0.5875
834 0.5625
835 0.575
836 0.5125
837 0.5375
838 0.5375
839 0.5375
840 0.5
841 0.55
842 0.55
843 0.525
844 0.5625
845 0.5875
846 0.5875
847 0.55
848 0.6375
849 0.5875
850 0.625
850 175
851 0.6875
852 0.6875
853 0.7
854 0.725
855 0.6625
856 0.6875
857 0.6625
858 0.6875
859 0.625
860 0.675
861 0.675
862 0.675
863 0.675
864 0.675
865 0.6625
866 0.7
867 0.65
868 0.675
869 0.675
870 0.6625
871 0.65
872 0.7
873 0.7
874 0.6875
875 0.6625
876 0.65
877 0.6125
878 0.6125
879 0.65
880 0.6125
881 0.55
882 0.6
883 0.6
884 0.65
885 0.6125
886 0.6625
887 0.6
888 0.5875
889 0.5875
890 0.65
891 0.65
892 0.6125
893 0.6625
894 0.6625
895 0.6625
896 0.6125
897 0.6625
898 0.6625
899 0.575
900 0.5625
900 184
901 0.65
902 0.6875
903 0.6625
904 0.625
905 0.7375
906 0.675
907 0.75
908 0.65
909 0.725
910 0.7
911 0.65
912 0.75
913 0.7375
914 0.7375
915 0.6875
916 0.7375
917 0.625
918 0.6875
919 0.7
920 0.6875
921 0.6625
922 0.7
923 0.6875
924 0.6625
925 0.6375
926 0.7125
927 0.6875
928 0.675
929 0.7
930 0.625
931 0.6375
932 0.6
933 0.6375
934 0.675
935 0.675
936 0.675
937 0.65
938 0.7
939 0.7
940 0.65
941 0.65
942 0.625
943 0.6125
944 0.65
945 0.6625
946 0.675
947 0.5875
948 0.675
949 0.6875
950 0.725
950 27
951 0.7
952 0.6875
953 0.725
954 0.775
955 0.75
956 0.7
957 0.7
958 0.7375
959 0.7375
960 0.7375
961 0.725
962 0.725
963 0.725
964 0.725
965 0.725
966 0.6625
967 0.7125
968 0.7125
969 0.7125
970 0.7125
971 0.7125
972 0.7125
973 0.7125
974 0.6625
975 0.7125
976 0.7125
977 0.7125
978 0.7125
979 0.7125
980 0.6375
981 0.6375
982 0.725
983 0.725
984 0.7
985 0.7
986 0.7125
987 0.6875
988 0.7125
989 0.7125
990 0.7125
991 0.7125
992 0.6875
993 0.65
994 0.725
995 0.6375
996 0.6
997 0.55
998 0.675
999 0.6
1000 0.65
1000 42
1001 0.6375
1002 0.6875
1003 0.6625
1004 0.675
1005 0.725
1006 0.6375
1007 0.6375
1008 0.675
1009 0.625
1010 0.7
1011 0.7
1012 0.75
1013 0.75
1014 0.75
1015 0.6625
1016 0.6625
1017 0.6625
1018 0.675
1019 0.6625
1020 0.6
1021 0.65
1022 0.7
1023 0.65
1024 0.65
1025 0.6
1026 0.6125
1027 0.55
1028 0.5875
1029 0.5875
1030 0.6375
1031 0.6125
1032 0.6125
1033 0.55
1034 0.5875
1035 0.525
1036 0.55
1037 0.6
1038 0.575
1039 0.575
1040 0.575
1041 0.55
1042 0.5875
1043 0.5875
1044 0.625
1045 0.5875
1046 0.625
1047 0.625
1048 0.625
1049 0.625
1050 0.575
1050 82
1051 0.65
1052 0.6
1053 0.6375
1054 0.6625
1055 0.7125
1056 0.625
1057 0.6875
1058 0.6875
1059 0.6875
1060 0.6875
1061 0.6875
1062 0.6375
1063 0.675
1064 0.625
1065 0.6375
1066 0.6375
1067 0.6125
1068 0.6125
1069 0.525
1070 0.525
1071 0.525
1072 0.525
1073 0.525
1074 0.525
1075 0.5125
1076 0.475
1077 0.3875
1078 0.475
1079 0.5125
1080 0.475
1081 0.4875
1082 0.475
1083 0.4875
1084 0.4875
1085 0.4375
1086 0.4625
1087 0.5125
1088 0.5125
1089 0.45
1090 0.55
1091 0.55
1092 0.5375
1093 0.5375
1094 0.5375
1095 0.5375
1096 0.5375
1097 0.475
1098 0.5125
1099 0.5125
1100 0.425
1100 77
1101 0.7
1102 0.65
1103 0.6375
1104 0.6375
1105 0.575
1106 0.6
1107 0.575
1108 0.6
1109 0.6
1110 0.6
1111 0.6
1112 0.6
1113 0.575
1114 0.625
1115 0.6125
1116 0.6125
1117 0.6125
1118 0.5625
1119 0.6125
1120 0.5625
1121 0.55
1122 0.6
1123 0.5625
1124 0.6125
1125 0.6125
1126 0.5625
1127 0.5875
1128 0.55
1129 0.5625
1130 0.5625
1131 0.5875
1132 0.575
1133 0.525
1134 0.4625
1135 0.5125
1136 0.5125
1137 0.4375
1138 0.475
1139 0.45
1140 0.45
1141 0.5
1142 0.45
1143 0.4375
1144 0.5
1145 0.5
1146 0.4375
1147 0.5
1148 0.475
1149 0.3875
1150 0.4875
1150 100
1151 0.675
1152 0.5875
1153 0.525
1154 0.575
1155 0.5125
1156 0.5875
1157 0.5875
1158 0.55
1159 0.5875
1160 0.6375
1161 0.625
1162 0.675
1163 0.675
1164 0.675
1165 0.6625
1166 0.6125
1167 0.625
1168 0.625
1169 0.6
1170 0.7
1171 0.6125
1172 0.6125
1173 0.6375
1174 0.6375
1175 0.6375
1176 0.5875
1177 0.5
1178 0.4625
1179 0.5375
1180 0.6125
1181 0.6125
1182 0.6125
1183 0.6125
1184 0.6125
1185 0.6125
1186 0.6125
1187 0.5625
1188 0.5625
1189 0.5625
1190 0.6
1191 0.5625
1192 0.5625
1193 0.5125
1194 0.4875
1195 0.55
1196 0.55
1197 0.4625
1198 0.475
1199 0.4875
1200 0.525
1200 103
1201 0.6375
1202 0.725
1203 0.7125
1204 0.625
1205 0.6125
1206 0.6
1207 0.6375
1208 0.625
1209 0.6625
1210 0.6625
1211 0.6625
1212 0.6625
1213 0.6
1214 0.6
1215 0.525
1216 0.5875
1217 0.5875
1218 0.5625
1219 0.5875
1220 0.5875
1221 0.475
1222 0.6
1223 0.6
1224 0.5375
1225 0.5375
1226 0.575
1227 0.4875
1228 0.525
1229 0.525
1230 0.5125
1231 0.5125
1232 0.4875
1233 0.5375
1234 0.525
1235 0.525
1236 0.525
1237 0.525
1238 0.5125
1239 0.4625
1240 0.475
1241 0.425
1242 0.4625
1243 0.425
1244 0.45
1245 0.4625
1246 0.5
1247 0.5
1248 0.475
1249 0.475
1250 0.475
1250 124
1251 0.6
1252 0.5875
1253 0.6375
1254 0.625
1255 0.675
1256 0.6
1257 0.575
1258 0.675
1259 0.675
1260 0.65
1261 0.6
1262 0.6625
1263 0.6625
1264 0.6
1265 0.6
1266 0.6375
1267 0.6125
1268 0.6125
1269 0.5625
1270 0.65
1271 0.6125
1272 0.6875
1273 0.725
1274 0.725
1275 0.675
1276 0.675
1277 0.6625
1278 0.6125
1279 0.6625
1280 0.6625
1281 0.6125
1282 0.6125
1283 0.5625
1284 0.6
1285 0.6375
1286 0.55
1287 0.5875
1288 0.625
1289 0.625
1290 0.625
1291 0.5875
1292 0.6
1293 0.5875
1294 0.6375
1295 0.6375
1296 0.6375
1297 0.5375
1298 0.5625
1299 0.525
1300 0.575
1300 165
1301 0.625
1302 0.65
1303 0.675
1304 0.7125
1305 0.65
1306 0.7125
1307 0.7125
1308 0.625
1309 0.675
1310 0.7125
1311 0.6375
1312 0.6875
1313 0.7
1314 0.6875
1315 0.65
1316 0.6875
1317 0.6875
1318 0.65
1319 0.625
1320 0.6625
1321 0.6625
1322 0.5875
1323 0.6125
1324 0.5875
1325 0.6125
1326 0.4625
1327 0.5125
1328 0.525
1329 0.5875
1330 0.5875
1331 0.5375
1332 0.525
1333 0.6125
1334 0.6125
1335 0.525
1336 0.55
1337 0.55
1338 0.5125
1339 0.5
1340 0.5125
1341 0.475
1342 0.4375
1343 0.525
1344 0.525
1345 0.4875
1346 0.5125
1347 0.475
1348 0.4875
1349 0.475
1350 0.475
1350 206
1351 0.5625
1352 0.4875
1353 0.6
1354 0.5
1355 0.5375
1356 0.475
1357 0.5
1358 0.475
1359 0.5125
1360 0.5125
1361 0.5
1362 0.475
1363 0.55
1364 0.6
1365 0.5375
1366 0.5875
1367 0.6375
1368 0.675
1369 0.575
1370 0.6125
1371 0.575
1372 0.5375
1373 0.625
1374 0.5875
1375 0.6125
1376 0.6125
1377 0.6125
1378 0.6125
1379 0.5875
1380 0.6
1381 0.55
1382 0.575
1383 0.6125
1384 0.6125
1385 0.55
1386 0.5875
1387 0.5875
1388 0.55
1389 0.575
1390 0.5875
1391 0.5625
1392 0.5
1393 0.55
1394 0.55
1395 0.5625
1396 0.525
1397 0.5125
1398 0.5125
1399 0.4875
1400 0.45
1400 159
1401 0.5875
1402 0.7
1403 0.6625
1404 0.6
1405 0.575
1406 0.5
1407 0.5125
1408 0.6125
1409 0.6375
1410 0.6375
1411 0.6125
1412 0.65
1413 0.6125
1414 0.65
1415 0.65
1416 0.625
1417 0.6
1418 0.6625
1419 0.6625
1420 0.6625
1421 0.65
1422 0.65
1423 0.575
1424 0.6
1425 0.625
1426 0.6625
1427 0.65
1428 0.6375
1429 0.675
1430 0.725
1431 0.7
1432 0.7
1433 0.725
1434 0.7375
1435 0.7125
1436 0.7375
1437 0.6625
1438 0.725
1439 0.8125
1440 0.7625
1441 0.75
1442 0.7125
1443 0.7125
1444 0.7375
1445 0.75
1446 0.8
1447 0.7125
1448 0.8
1449 0.7625
1450 0.7625
1450 38
1451 0.7875
1452 0.7875
1453 0.7625
1454 0.775
1455 0.7625
1456 0.7125
1457 0.7375
1458 0.725
1459 0.725
1460 0.725
1461 0.7125
1462 0.7125
1463 0.675
1464 0.6625
1465 0.75
1466 0.7
1467 0.7375
1468 0.6125
1469 0.7375
1470 0.6875
1471 0.7125
1472 0.7125
1473 0.6625
1474 0.65
1475 0.675
1476 0.7
1477 0.6875
1478 0.7375
1479 0.7375
1480 0.7375
1481 0.7375
1482 0.7125
1483 0.7
1484 0.7125
1485 0.6375
1486 0.625
1487 0.6
1488 0.6375
1489 0.6375
1490 0.6375
1491 0.6375
1492 0.6375
1493 0.5625
1494 0.6125
1495 0.55
1496 0.5875
1497 0.6
1498 0.5
1499 0.5875
1500 0.5125
1500 29
1501 0.625
1502 0.5625
1503 0.6375
1504 0.5625
1505 0.5625
1506 0.6125
1507 0.5625
1508 0.575
1509 0.55
1510 0.575
1511 0.5
1512 0.5125
1513 0.5375
1514 0.4625
1515 0.4625
1516 0.5125
1517 0.4625
1518 0.5375
1519 0.475
1520 0.4875
1521 0.4875
1522 0.4875
1523 0.4
1524 0.5375
1525 0.5375
1526 0.5375
1527 0.475
1528 0.5375
1529 0.5375
1530 0.5
1531 0.4625
1532 0.4875
1533 0.5
1534 0.5
1535 0.4875
1536 0.5375
1537 0.5375
1538 0.5375
1539 0.525
1540 0.525
1541 0.475
1542 0.45
1543 0.5125
1544 0.5125
1545 0.5125
1546 0.5125
1547 0.5125
1548 0.5125
1549 0.525
1550 0.525
1550 53
1551 0.6125
1552 0.6125
1553 0.6125
1554 0.6125
1555 0.575
1556 0.6125
1557 0.5625
1558 0.575
1559 0.4875
1560 0.5625
1561 0.55
1562 0.4625
1563 0.425
1564 0.45
1565 0.4125
1566 0.425
1567 0.5125
1568 0.5125
1569 0.5125
1570 0.5125
1571 0.4875
1572 0.5125
1573 0.5125
1574 0.5125
1575 0.5125
1576 0.4875
1577 0.4875
1578 0.4875
1579 0.4875
1580 0.4875
1581 0.4875
1582 0.4375
1583 0.4625
1584 0.5125
1585 0.5125
1586 0.5125
1587 0.4125
1588 0.4125
1589 0.45
1590 0.4875
1591 0.4625
1592 0.4125
1593 0.3625
1594 0.4375
1595 0.4375
1596 0.375
1597 0.3875
1598 0.4
1599 0.475
1600 0.425
1600 82
1601 0.5375
1602 0.5125
1603 0.4625
1604 0.55
1605 0.575
1606 0.5625
1607 0.5625
1608 0.5625
1609 0.475
1610 0.525
1611 0.475
1612 0.45
1613 0.4375
1614 0.475
1615 0.3875
1616 0.3125
1617 0.4
1618 0.3375
1619 0.35
1620 0.4
1621 0.4
1622 0.35
1623 0.3875
1624 0.3875
1625 0.3375
1626 0.3375
1627 0.35
1628 0.35
1629 0.35
1630 0.35
1631 0.325
1632 0.375
1633 0.3375
1634 0.3375
1635 0.3375
1636 0.3875
1637 0.375
1638 0.375
1639 0.4125
1640 0.4125
1641 0.4125
1642 0.3375
1643 0.3375
1644 0.3875
1645 0.3875
1646 0.3625
1647 0.4
1648 0.4
1649 0.3625
1650 0.4
1650 120
1651 0.5875
1652 0.5625
1653 0.575
1654 0.55
1655 0.525
1656 0.45
1657 0.5
1658 0.4875
1659 0.5625
1660 0.6
1661 0.5375
1662 0.525
1663 0.5625
1664 0.5625
1665 0.5125
1666 0.5125
1667 0.5125
1668 0.5
1669 0.55
1670 0.55
1671 0.55
1672 0.55
1673 0.55
1674 0.55
1675 0.55
1676 0.525
1677 0.5625
1678 0.5625
1679 0.5
1680 0.5875
1681 0.6125
1682 0.6125
1683 0.6125
1684 0.575
1685 0.55
1686 0.6
1687 0.6
1688 0.55
1689 0.5125
1690 0.65
1691 0.65
1692 0.6
1693 0.5125
1694 0.55
1695 0.6
1696 0.5375
1697 0.5375
1698 0.5625
1699 0.5625
1700 0.6
1700 108
1701 0.675
1702 0.6875
1703 0.725
1704 0.65
1705 0.65
1706 0.6625
1707 0.6375
1708 0.65
1709 0.5875
1710 0.6125
1711 0.6
1712 0.65
1713 0.5875
1714 0.6125
1715 0.6
1716 0.6
1717 0.6375
1718 0.6375
1719 0.6375
1720 0.55
1721 0.575
1722 0.625
1723 0.425
1724 0.5875
1725 0.5875
1726 0.5625
1727 0.5625
1728 0.5125
1729 0.4875
1730 0.5
1731 0.5
1732 0.4375
1733 0.525
1734 0.575
1735 0.525
1736 0.5375
1737 0.4875
1738 0.45
1739 0.5
1740 0.5
1741 0.475
1742 0.45
1743 0.4625
1744 0.4375
1745 0.4375
1746 0.4375
1747 0.3625
1748 0.375
1749 0.425
1750 0.4125
1750 134
1751 0.55
1752 0.4375
1753 0.4875
1754 0.5
1755 0.525
1756 0.5125
1757 0.55
1758 0.575
1759 0.5625
1760 0.5625
1761 0.5875
1762 0.575
1763 0.5875
1764 0.6
1765 0.5625
1766 0.575
1767 0.575
1768 0.575
1769 0.5375
1770 0.5375
1771 0.5625
1772 0.55
1773 0.5625
1774 0.5375
1775 0.4
1776 0.4125
1777 0.375
1778 0.3875
1779 0.45
1780 0.45
1781 0.45
1782 0.5125
1783 0.4875
1784 0.525
1785 0.5125
1786 0.525
1787 0.575
1788 0.575
1789 0.5625
1790 0.55
1791 0.6
1792 0.55
1793 0.55
1794 0.55
1795 0.5875
1796 0.5875
1797 0.5875
1798 0.5625
1799 0.5875
1800 0.5875
1800 144
1801 0.625
1802 0.575
1803 0.5375
1804 0.525
1805 0.5625
1806 0.6125
1807 0.575
1808 0.5625
1809 0.55
1810 0.5125
1811 0.5875
1812 0.575
1813 0.5875
1814 0.525
1815 0.55
1816 0.5375
1817 0.575
1818 0.5375
1819 0.575
1820 0.6
1821 0.6125
1822 0.6125
1823 0.6
1824 0.575
1825 0.6125
1826 0.6125
1827 0.6
1828 0.6125
1829 0.6125
1830 0.6
1831 0.625
1832 0.625
1833 0.6
1834 0.6125
1835 0.6375
1836 0.5875
1837 0.6125
1838 0.675
1839 0.6375
1840 0.6125
1841 0.6625
1842 0.65
1843 0.6875
1844 0.6875
1845 0.65
1846 0.6875
1847 0.675
1848 0.675
1849 0.625
1850 0.6125
1850 169
1851 0.7
1852 0.7375
1853 0.725
1854 0.7875
1855 0.7625
1856 0.75
1857 0.7625
1858 0.75
1859 0.75
1860 0.7625
1861 0.7375
1862 0.7375
1863 0.725
1864 0.75
1865 0.5875
1866 0.7875
1867 0.75
1868 0.725
1869 0.725
1870 0.7125
1871 0.7625
1872 0.675
1873 0.7125
1874 0.7
1875 0.7
1876 0.6375
1877 0.65
1878 0.6125
1879 0.6125
1880 0.6125
1881 0.65
1882 0.65
1883 0.65
1884 0.6125
1885 0.65
1886 0.6875
1887 0.6875
1888 0.6875
1889 0.675
1890 0.675
1891 0.675
1892 0.6375
1893 0.675
1894 0.675
1895 0.675
1896 0.675
1897 0.675
1898 0.675
1899 0.6625
1900 0.6625
1900 201
1901 0.6875
1902 0.7375
1903 0.7125
1904 0.6
1905 0.6625
1906 0.675
1907 0.675
1908 0.675
1909 0.7
1910 0.7625
1911 0.7625
1912 0.75
1913 0.75
1914 0.75
1915 0.75
1916 0.75
1917 0.75
1918 0.625
1919 0.7
1920 0.6875
1921 0.6875
1922 0.7
1923 0.6875
1924 0.6875
1925 0.6875
1926 0.6125
1927 0.7
1928 0.6
1929 0.6125
1930 0.575
1931 0.6375
1932 0.6375
1933 0.5125
1934 0.6375
1935 0.6625
1936 0.6625
1937 0.6375
1938 0.65
1939 0.65
1940 0.6125
1941 0.525
1942 0.6875
1943 0.6875
1944 0.6875
1945 0.6375
1946 0.6625
1947 0.625
1948 0.6625
1949 0.6125
1950 0.6
1950 31
1951 0.6625
1952 0.65
1953 0.6625
1954 0.6875
1955 0.6875
1956 0.6
1957 0.675
1958 0.6875
1959 0.7
1960 0.6125
1961 0.6875
1962 0.675
1963 0.675
1964 0.675
1965 0.575
1966 0.5375
1967 0.6375
1968 0.65
1969 0.6125
1970 0.625
1971 0.6625
1972 0.5625
1973 0.6375
1974 0.6375
1975 0.5875
1976 0.6625
1977 0.6625
1978 0.6375
1979 0.625
1980 0.625
1981 0.675
1982 0.625
1983 0.6375
1984 0.5875
1985 0.625
1986 0.65
1987 0.65
1988 0.6125
1989 0.6625
1990 0.6625
1991 0.6375
1992 0.6625
1993 0.625
1994 0.675
1995 0.6625
1996 0.6875
1997 0.6
1998 0.625
1999 0.6
2000 0.6375
2000 25
2001 0.65
2002 0.625
2003 0.6
2004 0.675
2005 0.6
2006 0.6375
2007 0.6625
2008 0.5625
2009 0.6375
2010 0.65
2011 0.6375
2012 0.65
2013 0.6875
2014 0.6875
2015 0.6375
2016 0.725
2017 0.7125
2018 0.725
2019 0.775
2020 0.7125
2021 0.725
2022 0.6625
2023 0.7125
2024 0.7125
2025 0.7125
2026 0.7125
2027 0.7125
2028 0.6375
2029 0.7125
2030 0.6125
2031 0.625
2032 0.6625
2033 0.6375
2034 0.675
2035 0.675
2036 0.675
2037 0.675
2038 0.6125
2039 0.6875
2040 0.6875
2041 0.625
2042 0.625
2043 0.6625
2044 0.6625
2045 0.65
2046 0.675
2047 0.675
2048 0.675
2049 0.65
2050 0.6375
2050 65
2051 0.75
2052 0.7375
2053 0.725
2054 0.6125
2055 0.6
2056 0.6375
2057 0.6
2058 0.625
2059 0.625
2060 0.65
2061 0.65
2062 0.5875
2063 0.6375
2064 0.625
2065 0.6125
2066 0.65
2067 0.6375
2068 0.6375
2069 0.625
2070 0.575
2071 0.65
2072 0.6375
2073 0.5875
2074 0.625
2075 0.55
2076 0.65
2077 0.65
2078 0.575
2079 0.525
2080 0.5375
2081 0.525
2082 0.5125
2083 0.5
2084 0.55
2085 0.5
2086 0.55
2087 0.4375
2088 0.6
2089 0.55
2090 0.6
2091 0.55
2092 0.6
2093 0.575
2094 0.575
2095 0.55
2096 0.5875
2097 0.575
2098 0.5375
2099 0.575
2100 0.5625
2100 81
2101 0.55
2102 0.5625
2103 0.6125
2104 0.6125
2105 0.6125
2106 0.5625
2107 0.6125
2108 0.5125
2109 0.5
2110 0.45
2111 0.525
2112 0.55
2113 0.5
2114 0.5375
2115 0.4625
2116 0.5375
2117 0.5625
2118 0.5125
2119 0.5125
2120 0.5625
2121 0.5125
2122 0.55
2123 0.55
2124 0.475
2125 0.5125
2126 0.5125
2127 0.55
2128 0.5375
2129 0.5
2130 0.55
2131 0.4875
2132 0.5625
2133 0.55
2134 0.55
2135 0.55
2136 0.4875
2137 0.5
2138 0.55
2139 0.55
2140 0.55
2141 0.55
2142 0.4875
2143 0.5375
2144 0.5125
2145 0.55
2146 0.525
2147 0.4875
2148 0.5375
2149 0.5375
2150 0.5875
2150 127
2151 0.675
2152 0.7
2153 0.7
2154 0.7
2155 0.675
2156 0.7125
2157 0.7625
2158 0.675
2159 0.725
2160 0.625
2161 0.6875
2162 0.6875
2163 0.6375
2164 0.625
2165 0.6625
2166 0.625
2167 0.6375
2168 0.6375
2169 0.6375
2170 0.6125
2171 0.525
2172 0.625
2173 0.5875
2174 0.6375
2175 0.6375
2176 0.6
2177 0.6
2178 0.6375
2179 0.6375
2180 0.6
2181 0.6375
2182 0.6375
2183 0.6
2184 0.6375
2185 0.625
2186 0.65
2187 0.65
2188 0.5375
2189 0.55
2190 0.5875
2191 0.6375
2192 0.6375
2193 0.6375
2194 0.6375
2195 0.575
2196 0.6
2197 0.65
2198 0.65
2199 0.6125
2200 0.6125
2200 91
2201 0.625
2202 0.6625
2203 0.6
2204 0.5625
2205 0.6375
2206 0.6375
2207 0.6375
2208 0.6
2209 0.5875
2210 0.6
2211 0.65
2212 0.575
2213 0.5625
2214 0.5125
2215 0.575
2216 0.55
2217 0.6
2218 0.6
2219 0.5375
2220 0.575
2221 0.5625
2222 0.625
2223 0.65
2224 0.525
2225 0.6375
2226 0.5625
2227 0.55
2228 0.6125
2229 0.6
2230 0.65
2231 0.5875
2232 0.6
2233 0.625
2234 0.5625
2235 0.5875
2236 0.5875
2237 0.6125
2238 0.6
2239 0.6125
2240 0.6125
2241 0.575
2242 0.5375
2243 0.575
2244 0.6
2245 0.4875
2246 0.5625
2247 0.5625
2248 0.55
2249 0.6
2250 0.5125
2250 145
2251 0.5875
2252 0.6125
2253 0.5875
2254 0.625
2255 0.5875
2256 0.625
2257 0.6125
2258 0.575
2259 0.6
2260 0.5375
2261 0.625
2262 0.625
2263 0.5125
2264 0.6375
2265 0.575
2266 0.5625
2267 0.5875
2268 0.575
2269 0.6125
2270 0.5625
2271 0.5125
2272 0.6
2273 0.6
2274 0.5375
2275 0.575
2276 0.575
2277 0.575
2278 0.525
2279 0.575
2280 0.575
2281 0.5625
2282 0.55
2283 0.5625
2284 0.5625
2285 0.4875
2286 0.5375
2287 0.5625
2288 0.5375
2289 0.6125
2290 0.6125
2291 0.575
2292 0.55
2293 0.6125
2294 0.6125
2295 0.575
2296 0.65
2297 0.575
2298 0.5875
2299 0.6625
2300 0.625
2300 150
2301 0.65
2302 0.65
2303 0.65
2304 0.575
2305 0.6
2306 0.575
2307 0.5625
2308 0.625
2309 0.6125
2310 0.6
2311 0.6625
2312 0.65
2313 0.6875
2314 0.6625
2315 0.7
2316 0.7
2317 0.7
2318 0.65
2319 0.5875
2320 0.7125
2321 0.6625
2322 0.7125
2323 0.65
2324 0.675
2325 0.725
2326 0.6625
2327 0.675
2328 0.75
2329 0.6625
2330 0.7
2331 0.7125
2332 0.6875
2333 0.7
2334 0.6125
2335 0.7875
2336 0.7375
2337 0.7375
2338 0.7
2339 0.6875
2340 0.7
2341 0.725
2342 0.6875
2343 0.7
2344 0.6
2345 0.675
2346 0.6625
2347 0.625
2348 0.65
2349 0.6625
2350 0.675
2350 155
2351 0.75
2352 0.75
2353 0.7125
2354 0.725
2355 0.7625
2356 0.7375
2357 0.7375
2358 0.7
2359 0.775
2360 0.775
2361 0.7125
2362 0.725
2363 0.7
2364 0.6375
2365 0.675
2366 0.7125
2367 0.7375
2368 0.725
2369 0.7125
2370 0.7375
2371 0.625
2372 0.7625
2373 0.7125
2374 0.6375
2375 0.6625
2376 0.625
2377 0.6625
2378 0.7
2379 0.7125
2380 0.7125
2381 0.7
2382 0.775
2383 0.775
2384 0.775
2385 0.8125
2386 0.8125
2387 0.8125
2388 0.8125
2389 0.7625
2390 0.7125
2391 0.8125
2392 0.8125
2393 0.7375
2394 0.7625
2395 0.7625
2396 0.8125
2397 0.75
2398 0.725
2399 0.7125
2400 0.7625
2400 196
2401 0.775
2402 0.6625
2403 0.725
2404 0.725
2405 0.6875
2406 0.6375
2407 0.7
2408 0.6125
2409 0.7
2410 0.7
2411 0.7
2412 0.7
2413 0.7
2414 0.675
2415 0.6625
2416 0.6375
2417 0.6625
2418 0.6625
2419 0.6125
2420 0.6375
2421 0.6625
2422 0.6375
2423 0.6875
2424 0.6625
2425 0.675
2426 0.65
2427 0.625
2428 0.625
2429 0.625
2430 0.6875
2431 0.6875
2432 0.6625
2433 0.6875
2434 0.675
2435 0.6875
2436 0.6375
2437 0.6625
2438 0.6125
2439 0.6625
2440 0.6375
2441 0.65
2442 0.6375
2443 0.65
2444 0.65
2445 0.6875
2446 0.6875
2447 0.6875
2448 0.6375
2449 0.6
2450 0.675
2450 24
2451 0.6625
2452 0.6
2453 0.725
2454 0.675
2455 0.5625
2456 0.5625
2457 0.65
2458 0.6125
2459 0.6125
2460 0.6375
2461 0.6875
2462 0.55
2463 0.675
2464 0.6875
2465 0.625
2466 0.6625
2467 0.6625
2468 0.6625
2469 0.7
2470 0.675
2471 0.6375
2472 0.7125
2473 0.6625
2474 0.5875
2475 0.6125
2476 0.6375
2477 0.6375
2478 0.575
2479 0.6
2480 0.5875
2481 0.625
2482 0.65
2483 0.65
2484 0.6
2485 0.6
2486 0.5875
2487 0.625
2488 0.625
2489 0.625
2490 0.625
2491 0.5875
2492 0.575
2493 0.55
2494 0.6
2495 0.5625
2496 0.6125
2497 0.6125
2498 0.4875
2499 0.5625
2500 0.4875
2500 25
2501 0.625
2502 0.5375
2503 0.5875
2504 0.5375
2505 0.575
2506 0.575
2507 0.5
2508 0.5625
2509 0.5375
2510 0.525
2511 0.5125
2512 0.575
2513 0.5375
2514 0.575
2515 0.5375
2516 0.5375
2517 0.4625
2518 0.55
2519 0.5875
2520 0.575
2521 0.5875
2522 0.5375
2523 0.5375
2524 0.5875
2525 0.5875
2526 0.55
2527 0.5875
2528 0.5625
2529 0.6
2530 0.55
2531 0.5875
2532 0.6125
2533 0.6125
2534 0.525
2535 0.6125
2536 0.6125
2537 0.525
2538 0.5625
2539 0.6125
2540 0.6125
2541 0.6125
2542 0.5625
2543 0.5625
2544 0.5625
2545 0.5875
2546 0.5875
2547 0.525
2548 0.575
2549 0.575
2550 0.575
2550 64
2551 0.725
2552 0.6125
2553 0.55
2554 0.575
2555 0.5875
2556 0.475
2557 0.55
2558 0.5375
2559 0.575
2560 0.575
2561 0.575
2562 0.525
2563 0.5375
2564 0.525
2565 0.5125
2566 0.525
2567 0.4875
2568 0.4875
2569 0.5
2570 0.4625
2571 0.5125
2572 0.5
2573 0.55
2574 0.5125
2575 0.5625
2576 0.5625
2577 0.5125
2578 0.5375
2579 0.525
2580 0.4875
2581 0.4875
2582 0.4875
2583 0.5375
2584 0.475
2585 0.575
2586 0.55
2587 0.55
2588 0.55
2589 0.55
2590 0.55
2591 0.55
2592 0.5375
2593 0.6125
2594 0.5875
2595 0.5875
2596 0.6125
2597 0.5875
2598 0.55
2599 0.5875
2600 0.5875
2600 72
2601 0.6625
2602 0.6625
2603 0.6625
2604 0.6125
2605 0.6625
2606 0.65
2607 0.625
2608 0.5875
2609 0.5125
2610 0.6
2611 0.6
2612 0.575
2613 0.5375
2614 0.5625
2615 0.6
2616 0.6
2617 0.625
2618 0.6125
2619 0.6125
2620 0.625
2621 0.65
2622 0.65
2623 0.625
2624 0.575
2625 0.5625
2626 0.575
2627 0.6
2628 0.575
2629 0.575
2630 0.475
2631 0.5375
2632 0.5
2633 0.6
2634 0.5125
2635 0.55
2636 0.625
2637 0.625
2638 0.575
2639 0.6125
2640 0.5625
2641 0.5875
2642 0.55
2643 0.5125
2644 0.5125
2645 0.575
2646 0.575
2647 0.525
2648 0.5625
2649 0.5375
2650 0.55
2650 90
2651 0.7
2652 0.725
2653 0.725
2654 0.65
2655 0.7875
2656 0.7625
2657 0.7125
2658 0.775
2659 0.6625
2660 0.675
2661 0.625
2662 0.65
2663 0.5625
2664 0.55
2665 0.55
2666 0.6
2667 0.5625
2668 0.6125
2669 0.5375
2670 0.625
2671 0.6
2672 0.6
2673 0.625
2674 0.6125
2675 0.6375
2676 0.6125
2677 0.625
2678 0.5625
2679 0.6125
2680 0.6
2681 0.6
2682 0.55
2683 0.525
2684 0.525
2685 0.4875
2686 0.5125
2687 0.5625
2688 0.525
2689 0.475
2690 0.4875
2691 0.475
2692 0.525
2693 0.4875
2694 0.4625
2695 0.5
2696 0.5
2697 0.5
2698 0.4625
2699 0.55
2700 0.5125
2700 102
2701 0.6375
2702 0.8125
2703 0.7625
2704 0.775
2705 0.775
2706 0.725
2707 0.7625
2708 0.8125
2709 0.8125
2710 0.7375
2711 0.775
2712 0.775
2713 0.725
2714 0.7125
2715 0.7125
2716 0.6125
2717 0.6625
2718 0.7125
2719 0.7125
2720 0.6625
2721 0.6
2722 0.65
2723 0.5375
2724 0.6375
2725 0.65
2726 0.65
2727 0.6
2728 0.5375
2729 0.525
2730 0.525
2731 0.45
2732 0.4875
2733 0.4875
2734 0.475
2735 0.5875
2736 0.5375
2737 0.5625
2738 0.5125
2739 0.5625
2740 0.55
2741 0.45
2742 0.5375
2743 0.5375
2744 0.55
2745 0.5
2746 0.5125
2747 0.5125
2748 0.5125
2749 0.425
2750 0.45
2750 141
2751 0.6375
2752 0.625
2753 0.7
2754 0.6625
2755 0.675
2756 0.675
2757 0.6625
2758 0.65
2759 0.575
2760 0.65
2761 0.7
2762 0.5875
2763 0.6375
2764 0.6
2765 0.6125
2766 0.6125
2767 0.5875
2768 0.625
2769 0.625
2770 0.625
2771 0.6125
2772 0.5375
2773 0.55
2774 0.5875
2775 0.6
2776 0.6125
2777 0.6375
