
1 0.175
2 0.225
3 0.225
4 0.225
5 0.225
6 0.1875
7 0.1875
8 0.1875
9 0.1875
10 0.1875
11 0.1875
12 0.1875
13 0.1875
14 0.175
15 0.1875
16 0.1875
17 0.1875
18 0.15
19 0.1625
20 0.1625
21 0.1625
22 0.1625
23 0.1625
24 0.1625
25 0.1625
26 0.1625
27 0.1625
28 0.1625
29 0.1625
30 0.1625
31 0.1625
32 0.1625
33 0.1625
34 0.1625
35 0.15
36 0.15
37 0.15
38 0.1375
39 0.1875
40 0.15
41 0.15
42 0.15
43 0.15
44 0.15
45 0.15
46 0.15
47 0.15
48 0.15
49 0.15
50 0.15
51 0.5625
52 0.475
53 0.525
54 0.4125
55 0.4125
56 0.425
57 0.4
58 0.425
59 0.4125
60 0.3875
61 0.4
62 0.4125
63 0.4125
64 0.4125
65 0.3875
66 0.3875
67 0.3875
68 0.3875
69 0.3625
70 0.4
71 0.4
72 0.4
73 0.3625
74 0.35
75 0.3
76 0.3125
77 0.3125
78 0.275
79 0.2875
80 0.2875
81 0.2875
82 0.2625
83 0.25
84 0.25
85 0.25
86 0.25
87 0.2375
88 0.2375
89 0.25
90 0.3375
91 0.3375
92 0.3375
93 0.3375
94 0.3
95 0.35
96 0.35
97 0.35
98 0.35
99 0.35
100 0.3375
101 0.6375
102 0.7125
103 0.6625
104 0.6375
105 0.65
106 0.6
107 0.65
108 0.65
109 0.65
110 0.6125
111 0.55
112 0.525
113 0.525
114 0.5125
115 0.475
116 0.475
117 0.45
118 0.475
119 0.475
120 0.475
121 0.4375
122 0.4875
123 0.475
124 0.4625
125 0.45
126 0.5
127 0.4125
128 0.4125
129 0.4375
130 0.4
131 0.3625
132 0.3625
133 0.3125
134 0.325
135 0.275
136 0.3125
137 0.3125
138 0.3125
139 0.3125
140 0.3125
141 0.3125
142 0.3125
143 0.3125
144 0.3125
145 0.3
146 0.2875
147 0.3
148 0.3
149 0.3
150 0.3
151 0.55
152 0.55
153 0.525
154 0.5125
155 0.5625
156 0.475
157 0.55
158 0.5375
159 0.5375
160 0.4875
161 0.4625
162 0.4125
163 0.425
164 0.45
165 0.45
166 0.4
167 0.425
168 0.425
169 0.425
170 0.425
171 0.3625
172 0.425
173 0.3875
174 0.425
175 0.425
176 0.3875
177 0.3375
178 0.3625
179 0.4625
180 0.4375
181 0.4375
182 0.4375
183 0.4375
184 0.4375
185 0.4375
186 0.4375
187 0.3875
188 0.3875
189 0.3875
190 0.3625
191 0.375
192 0.375
193 0.375
194 0.375
195 0.325
196 0.3625
197 0.3375
198 0.3
199 0.325
200 0.325
201 0.575
202 0.6125
203 0.65
204 0.65
205 0.625
206 0.6875
207 0.7125
208 0.7125
209 0.7125
210 0.7125
211 0.65
212 0.6
213 0.575
214 0.625
215 0.6625
216 0.625
217 0.65
218 0.6
219 0.4875
220 0.55
221 0.6
222 0.4875
223 0.575
224 0.5375
225 0.625
226 0.5875
227 0.575
228 0.5125
229 0.6
230 0.6
231 0.6
232 0.6
233 0.55
234 0.5875
235 0.5875
236 0.575
237 0.625
238 0.5875
239 0.625
240 0.55
241 0.5375
242 0.5375
243 0.475
244 0.4625
245 0.425
246 0.3875
247 0.3375
248 0.3
249 0.3125
250 0.3625
251 0.5625
252 0.5625
253 0.575
254 0.5625
255 0.55
256 0.55
257 0.525
258 0.5625
259 0.5625
260 0.5125
261 0.525
262 0.525
263 0.5
264 0.5375
265 0.5375
266 0.475
267 0.5625
268 0.5
269 0.525
270 0.5125
271 0.5125
272 0.4875
273 0.475
274 0.475
275 0.475
276 0.475
277 0.4625
278 0.425
279 0.4375
280 0.4
281 0.45
282 0.4625
283 0.45
284 0.4875
285 0.4875
286 0.4875
287 0.4875
288 0.4875
289 0.4375
290 0.4375
291 0.4375
292 0.4125
293 0.4125
294 0.4
295 0.3625
296 0.45
297 0.45
298 0.45
299 0.45
300 0.4375
301 0.6625
302 0.7
303 0.6375
304 0.55
305 0.6375
306 0.6
307 0.6125
308 0.6125
309 0.6125
310 0.575
311 0.6375
312 0.6
313 0.6
314 0.55
315 0.4875
316 0.65
317 0.5625
318 0.6
319 0.5875
320 0.5375
321 0.6125
322 0.6125
323 0.5625
324 0.5625
325 0.5375
326 0.525
327 0.55
328 0.5375
329 0.5375
330 0.5375
331 0.5375
332 0.5
333 0.4125
334 0.575
335 0.6
336 0.6
337 0.575
338 0.5625
339 0.5625
340 0.5875
341 0.5875
342 0.5875
343 0.5
344 0.5125
345 0.5
346 0.5
347 0.5125
348 0.4125
349 0.4125
350 0.45
351 0.675
352 0.6375
353 0.6375
354 0.6
355 0.6
356 0.6
357 0.55
358 0.65
359 0.575
360 0.65
361 0.625
362 0.6625
363 0.65
364 0.5625
365 0.5375
366 0.55
367 0.475
368 0.4875
369 0.4875
370 0.5125
371 0.4625
372 0.425
373 0.4125
374 0.45
375 0.45
376 0.45
377 0.45
378 0.45
379 0.45
380 0.4375
381 0.4375
382 0.4
383 0.45
384 0.45
385 0.4375
386 0.4625
387 0.4625
388 0.4125
389 0.4375
390 0.4375
391 0.4
392 0.4
393 0.475
394 0.475
395 0.475
396 0.45
397 0.4375
398 0.5125
399 0.5125
400 0.5125
401 0.5375
402 0.675
403 0.6875
404 0.6375
405 0.6375
406 0.675
407 0.7
408 0.6875
409 0.6875
410 0.6875
411 0.65
412 0.6375
413 0.65
414 0.6875
415 0.7375
416 0.7375
417 0.7375
418 0.725
419 0.7375
420 0.6875
421 0.7375
422 0.7125
423 0.7375
424 0.7
425 0.7375
426 0.6875
427 0.7
428 0.6625
429 0.6375
430 0.725
431 0.725
432 0.675
433 0.65
434 0.6875
435 0.6125
436 0.675
437 0.6625
438 0.6625
439 0.6625
440 0.6125
441 0.6375
442 0.6625
443 0.6
444 0.65
445 0.65
446 0.625
447 0.625
448 0.5625
449 0.6
450 0.5875
451 0.625
452 0.65
453 0.65
454 0.625
455 0.6125
456 0.625
457 0.625
458 0.625
459 0.625
460 0.575
461 0.6125
462 0.6125
463 0.45
464 0.55
465 0.6
466 0.575
467 0.575
468 0.5125
469 0.5375
470 0.5
471 0.5375
472 0.5
473 0.5125
474 0.4875
475 0.475
476 0.4875
477 0.5125
478 0.5
479 0.4625
480 0.525
481 0.4875
482 0.525
483 0.525
484 0.55
485 0.55
486 0.55
487 0.525
488 0.55
489 0.525
490 0.525
491 0.525
492 0.525
493 0.5125
494 0.5375
495 0.5
496 0.4375
497 0.475
498 0.475
499 0.4625
500 0.525
501 0.5625
502 0.575
503 0.5375
504 0.525
505 0.5625
506 0.5625
507 0.5625
508 0.5625
509 0.5125
510 0.5125
511 0.5625
512 0.525
513 0.5125
514 0.5625
515 0.5625
516 0.5625
517 0.525
518 0.5625
519 0.5125
520 0.475
521 0.45
522 0.475
523 0.425
524 0.45
525 0.425
526 0.3375
527 0.4375
528 0.4375
529 0.3875
530 0.4125
531 0.45
532 0.425
533 0.4125
534 0.45
535 0.4625
536 0.45
537 0.4375
538 0.525
539 0.525
540 0.4625
541 0.4875
542 0.475
543 0.5
544 0.4625
545 0.5125
546 0.4625
547 0.425
548 0.4375
549 0.4
550 0.3875
551 0.6625
552 0.5875
553 0.6125
554 0.625
555 0.6375
556 0.6375
557 0.6375
558 0.575
559 0.575
560 0.525
561 0.45
562 0.5
563 0.425
564 0.4125
565 0.425
566 0.4125
567 0.425
568 0.4625
569 0.45
570 0.5
571 0.5
572 0.5
573 0.45
574 0.4375
575 0.4375
576 0.4375
577 0.425
578 0.375
579 0.4375
580 0.425
581 0.4375
582 0.4375
583 0.4
584 0.4125
585 0.4625
586 0.425
587 0.45
588 0.425
589 0.4
590 0.475
591 0.4875
592 0.5
593 0.475
594 0.475
595 0.425
596 0.4375
597 0.4
598 0.375
599 0.4125
600 0.4125
601 0.6
602 0.5375
603 0.55
604 0.525
605 0.575
606 0.475
607 0.4375
608 0.4375
609 0.4375
610 0.4875
611 0.45
612 0.4625
613 0.475
614 0.45
615 0.4625
616 0.425
617 0.3875
618 0.4125
619 0.425
620 0.4625
621 0.4875
622 0.4625
623 0.4625
624 0.4625
625 0.4375
626 0.475
627 0.4
628 0.3875
629 0.4125
630 0.375
631 0.275
632 0.375
633 0.425
634 0.475
635 0.4375
636 0.4625
637 0.4625
638 0.4125
639 0.4625
640 0.4625
641 0.4625
642 0.4625
643 0.45
644 0.45
645 0.4125
646 0.4625
647 0.4625
648 0.45
649 0.35
650 0.3625
651 0.625
652 0.6
653 0.6
654 0.575
655 0.6125
656 0.5625
657 0.5625
658 0.5625
659 0.5625
660 0.55
661 0.55
662 0.55
663 0.5
664 0.55
665 0.475
666 0.425
667 0.475
668 0.4625
669 0.4625
670 0.4625
671 0.4625
672 0.425
673 0.45
674 0.475
675 0.45
676 0.45
677 0.425
678 0.3625
679 0.4125
680 0.4375
681 0.4125
682 0.3875
683 0.425
684 0.425
685 0.425
686 0.425
687 0.425
688 0.425
689 0.425
690 0.425
691 0.4125
692 0.45
693 0.4125
694 0.4
695 0.45
696 0.475
697 0.525
698 0.525
699 0.425
700 0.45
701 0.55
702 0.625
703 0.65
704 0.6875
705 0.6125
706 0.625
707 0.525
708 0.625
709 0.625
710 0.575
711 0.575
712 0.55
713 0.55
714 0.55
715 0.625
716 0.625
717 0.55
718 0.6
719 0.55
720 0.55
721 0.575
722 0.6125
723 0.6
724 0.6
725 0.55
726 0.525
727 0.575
728 0.5625
729 0.5125
730 0.55
731 0.55
732 0.5125
733 0.4875
734 0.5125
735 0.5125
736 0.4875
737 0.4625
738 0.45
739 0.4625
740 0.4375
741 0.475
742 0.425
743 0.4125
744 0.4625
745 0.4
746 0.4625
747 0.4625
748 0.45
749 0.4125
750 0.425
751 0.625
752 0.5625
753 0.625
754 0.6625
755 0.6625
756 0.65
757 0.5
758 0.6125
759 0.5125
760 0.5625
761 0.65
762 0.6375
763 0.625
764 0.6375
765 0.625
766 0.5875
767 0.6625
768 0.6625
769 0.6625
770 0.6125
771 0.6375
772 0.6375
773 0.675
774 0.675
775 0.675
776 0.65
777 0.65
778 0.6625
779 0.7
780 0.6625
781 0.6625
782 0.6625
783 0.6625
784 0.6
785 0.625
786 0.6625
787 0.6625
788 0.6625
789 0.6625
790 0.6375
791 0.6
792 0.5875
793 0.6125
794 0.6125
795 0.6
796 0.65
797 0.65
798 0.65
799 0.65
800 0.625
801 0.6875
802 0.725
803 0.75
804 0.7375
805 0.775
806 0.675
807 0.75
808 0.7
809 0.7125
810 0.7125
811 0.7125
812 0.7125
813 0.7125
814 0.6875
815 0.7375
816 0.7375
817 0.725
818 0.7625
819 0.7375
820 0.7375
821 0.7
822 0.7
823 0.7
824 0.65
825 0.6625
826 0.65
827 0.7
828 0.65
829 0.625
830 0.7
831 0.7
832 0.7
833 0.7
834 0.675
835 0.6875
836 0.6375
837 0.65
838 0.65
839 0.65
840 0.6125
841 0.6625
842 0.6625
843 0.6
844 0.65
845 0.675
846 0.675
847 0.65
848 0.75
849 0.6875
850 0.7375
851 0.8
852 0.7625
853 0.7875
854 0.8125
855 0.7
856 0.7625
857 0.725
858 0.75
859 0.6875
860 0.7
861 0.7
862 0.7
863 0.7
864 0.7
865 0.65
866 0.6875
867 0.625
868 0.7125
869 0.7125
870 0.675
871 0.675
872 0.6875
873 0.6875
874 0.6625
875 0.6375
876 0.675
877 0.6375
878 0.6
879 0.65
880 0.6125
881 0.5875
882 0.6
883 0.5875
884 0.6625
885 0.6375
886 0.6625
887 0.6125
888 0.5625
889 0.5875
890 0.65
891 0.65
892 0.6125
893 0.6375
894 0.6375
895 0.6375
896 0.6125
897 0.65
898 0.65
899 0.575
900 0.575
901 0.6625
902 0.65
903 0.65
904 0.6
905 0.7
906 0.625
907 0.675
908 0.575
909 0.675
910 0.6625
911 0.6
912 0.7125
913 0.6875
914 0.675
915 0.6375
916 0.6875
917 0.575
918 0.6625
919 0.6875
920 0.6375
921 0.6
922 0.65
923 0.625
924 0.6375
925 0.5875
926 0.575
927 0.6125
928 0.65
929 0.7
930 0.6125
931 0.6
932 0.575
933 0.5875
934 0.65
935 0.65
936 0.65
937 0.625
938 0.6375
939 0.6375
940 0.5875
941 0.5875
942 0.5375
943 0.5375
944 0.55
945 0.55
946 0.6
947 0.475
948 0.55
949 0.5375
950 0.575
951 0.6125
952 0.5625
953 0.6
954 0.65
955 0.625
956 0.55
957 0.55
958 0.575
959 0.575
960 0.575
961 0.5375
962 0.5375
963 0.5375
964 0.5375
965 0.5375
966 0.5
967 0.5125
968 0.5125
969 0.5125
970 0.5125
971 0.5125
972 0.5125
973 0.5125
974 0.5
975 0.5375
976 0.5375
977 0.5375
978 0.5375
979 0.5375
980 0.525
981 0.5
982 0.5625
983 0.6
984 0.575
985 0.575
986 0.5875
987 0.5625
988 0.5875
989 0.5875
990 0.5875
991 0.5875
992 0.5625
993 0.5375
994 0.6
995 0.5625
996 0.55
997 0.475
998 0.625
999 0.5625
1000 0.6125
1001 0.575
1002 0.6125
1003 0.6875
1004 0.7
1005 0.75
1006 0.65
1007 0.6875
1008 0.7125
1009 0.675
1010 0.75
1011 0.7375
1012 0.7625
1013 0.7625
1014 0.7625
1015 0.6875
1016 0.6875
1017 0.7
1018 0.7375
1019 0.7125
1020 0.6375
1021 0.675
1022 0.7125
1023 0.6875
1024 0.6875
1025 0.675
1026 0.7125
1027 0.6625
1028 0.7125
1029 0.7
1030 0.75
1031 0.725
1032 0.725
1033 0.625
1034 0.65
1035 0.5875
1036 0.6
1037 0.6375
1038 0.6125
1039 0.6125
1040 0.6125
1041 0.6
1042 0.625
1043 0.5875
1044 0.6375
1045 0.6125
1046 0.6375
1047 0.6375
1048 0.6375
1049 0.6375
1050 0.6
1051 0.65
1052 0.6
1053 0.6625
1054 0.6375
1055 0.6875
1056 0.6
1057 0.6625
1058 0.6625
1059 0.6625
1060 0.65
1061 0.65
1062 0.6375
1063 0.65
1064 0.6
1065 0.65
1066 0.65
1067 0.6
1068 0.6
1069 0.5375
1070 0.5375
1071 0.5375
1072 0.5375
1073 0.5375
1074 0.5375
1075 0.5125
1076 0.475
1077 0.3875
1078 0.475
1079 0.4875
1080 0.4375
1081 0.475
1082 0.4
1083 0.45
1084 0.45
1085 0.4125
1086 0.475
1087 0.525
1088 0.525
1089 0.4625
1090 0.525
1091 0.525
1092 0.4875
1093 0.4875
1094 0.4875
1095 0.4875
1096 0.475
1097 0.4
1098 0.375
1099 0.3625
1100 0.2875
1101 0.5375
1102 0.5125
1103 0.4625
1104 0.4625
1105 0.425
1106 0.4875
1107 0.425
1108 0.4625
1109 0.4625
1110 0.4625
1111 0.4625
1112 0.4625
1113 0.45
1114 0.5
1115 0.4625
1116 0.475
1117 0.475
1118 0.4125
1119 0.475
1120 0.4375
1121 0.4125
1122 0.4875
1123 0.4875
1124 0.5375
1125 0.5375
1126 0.4875
1127 0.5375
1128 0.4375
1129 0.4875
1130 0.5
1131 0.525
1132 0.4875
1133 0.475
1134 0.425
1135 0.475
1136 0.475
1137 0.4125
1138 0.475
1139 0.475
1140 0.475
1141 0.525
1142 0.475
1143 0.45
1144 0.5125
1145 0.5125
1146 0.4375
1147 0.5125
1148 0.4625
1149 0.3875
1150 0.5375
1151 0.675
1152 0.625
1153 0.525
1154 0.5875
1155 0.525
1156 0.5625
1157 0.5625
1158 0.5125
1159 0.475
1160 0.525
1161 0.475
1162 0.5125
1163 0.5125
1164 0.5125
1165 0.475
1166 0.5
1167 0.5375
1168 0.5
1169 0.425
1170 0.525
1171 0.4625
1172 0.4625
1173 0.5125
1174 0.5125
1175 0.5125
1176 0.475
1177 0.45
1178 0.3625
1179 0.45
1180 0.4875
1181 0.4875
1182 0.4875
1183 0.4875
1184 0.4875
1185 0.4875
1186 0.4875
1187 0.45
1188 0.45
1189 0.45
1190 0.475
1191 0.45
1192 0.4625
1193 0.4125
1194 0.3875
1195 0.5125
1196 0.5125
1197 0.45
1198 0.4625
1199 0.475
1200 0.5
1201 0.6375
1202 0.65
1203 0.6625
1204 0.6125
1205 0.5875
1206 0.5875
1207 0.5875
1208 0.575
1209 0.6
1210 0.6
1211 0.6
1212 0.6
1213 0.5625
1214 0.5625
1215 0.5
1216 0.5875
1217 0.5875
1218 0.55
1219 0.575
1220 0.575
1221 0.475
1222 0.5125
1223 0.45
1224 0.5
1225 0.525
1226 0.5
1227 0.5
1228 0.55
1229 0.55
1230 0.5
1231 0.5
1232 0.4625
1233 0.5125
1234 0.4875
1235 0.4875
1236 0.4875
1237 0.4875
1238 0.4875
1239 0.475
1240 0.5
1241 0.45
1242 0.475
1243 0.4375
1244 0.475
1245 0.4875
1246 0.5125
1247 0.5125
1248 0.4625
1249 0.4625
1250 0.4625
1251 0.625
1252 0.575
1253 0.6625
1254 0.625
1255 0.6375
1256 0.5875
1257 0.575
1258 0.6625
1259 0.6625
1260 0.625
1261 0.6125
1262 0.675
1263 0.675
1264 0.6375
1265 0.6625
1266 0.6875
1267 0.6375
1268 0.6375
1269 0.575
1270 0.5875
1271 0.5625
1272 0.575
1273 0.6125
1274 0.6125
1275 0.5875
1276 0.5875
1277 0.5625
1278 0.5375
1279 0.575
1280 0.575
1281 0.5625
1282 0.55
1283 0.5125
1284 0.5375
1285 0.5625
1286 0.475
1287 0.5625
1288 0.5875
1289 0.5875
1290 0.5875
1291 0.575
1292 0.55
1293 0.525
1294 0.575
1295 0.575
1296 0.575
1297 0.5125
1298 0.5
1299 0.4875
1300 0.575
1301 0.6
1302 0.6125
1303 0.5875
1304 0.6375
1305 0.6125
1306 0.7
1307 0.7
1308 0.5875
1309 0.6125
1310 0.6375
1311 0.5875
1312 0.65
1313 0.625
1314 0.625
1315 0.6
1316 0.6125
1317 0.6125
1318 0.6
1319 0.575
1320 0.6
1321 0.6
1322 0.575
1323 0.625
1324 0.575
1325 0.625
1326 0.3875
1327 0.525
1328 0.525
1329 0.6625
1330 0.6625
1331 0.6
1332 0.55
1333 0.6625
1334 0.6625
1335 0.5875
1336 0.6125
1337 0.6125
1338 0.575
1339 0.5625
1340 0.5625
1341 0.575
1342 0.5625
1343 0.65
1344 0.65
1345 0.625
1346 0.6625
1347 0.625
1348 0.675
1349 0.675
1350 0.675
1351 0.6625
1352 0.575
1353 0.6375
1354 0.6125
1355 0.625
1356 0.5625
1357 0.6375
1358 0.625
1359 0.6875
1360 0.6875
1361 0.675
1362 0.575
1363 0.5625
1364 0.6
1365 0.55
1366 0.5625
1367 0.575
1368 0.625
1369 0.55
1370 0.6
1371 0.5625
1372 0.5625
1373 0.625
1374 0.6
1375 0.6125
1376 0.625
1377 0.625
1378 0.625
1379 0.5875
1380 0.6125
1381 0.5375
1382 0.625
1383 0.65
1384 0.65
1385 0.575
1386 0.6375
1387 0.6375
1388 0.5625
1389 0.5875
1390 0.6
1391 0.55
1392 0.5
1393 0.5625
1394 0.5625
1395 0.6
1396 0.575
1397 0.575
1398 0.575
1399 0.55
1400 0.5375
1401 0.625
1402 0.6875
1403 0.7
1404 0.6875
1405 0.7125
1406 0.5875
1407 0.6625
1408 0.7125
1409 0.7375
1410 0.7375
1411 0.7125
1412 0.725
1413 0.6875
1414 0.725
1415 0.725
1416 0.7
1417 0.6625
1418 0.7125
1419 0.7
1420 0.7
1421 0.6625
1422 0.6625
1423 0.5875
1424 0.6125
1425 0.7
1426 0.7375
1427 0.7
1428 0.675
1429 0.7
1430 0.7125
1431 0.6375
1432 0.6375
1433 0.6375
1434 0.65
1435 0.6375
1436 0.65
1437 0.625
1438 0.6625
1439 0.7
1440 0.65
1441 0.65
1442 0.6375
1443 0.6875
1444 0.725
1445 0.6875
1446 0.725
1447 0.6375
1448 0.725
1449 0.675
1450 0.625
1451 0.6375
1452 0.6375
1453 0.625
1454 0.675
1455 0.625
1456 0.6125
1457 0.6375
1458 0.625
1459 0.625
1460 0.625
1461 0.6125
1462 0.6125
1463 0.5625
1464 0.5625
1465 0.6
1466 0.55
1467 0.5625
1468 0.5
1469 0.5875
1470 0.575
1471 0.5875
1472 0.5875
1473 0.525
1474 0.5625
1475 0.575
1476 0.625
1477 0.5875
1478 0.6375
1479 0.6375
1480 0.6375
1481 0.6375
1482 0.6125
1483 0.6125
1484 0.65
1485 0.6
1486 0.575
1487 0.5625
1488 0.575
1489 0.575
1490 0.575
1491 0.575
1492 0.575
1493 0.4875
1494 0.5625
1495 0.5125
1496 0.5625
1497 0.575
1498 0.5125
1499 0.575
1500 0.525
1501 0.5625
1502 0.5125
1503 0.5125
1504 0.475
1505 0.475
1506 0.525
1507 0.4875
1508 0.5
1509 0.475
1510 0.5
1511 0.45
1512 0.4875
1513 0.5375
1514 0.5
1515 0.5125
1516 0.5375
1517 0.475
1518 0.5625
1519 0.5125
1520 0.5125
1521 0.5125
1522 0.5125
1523 0.4375
1524 0.5375
1525 0.5375
1526 0.5375
1527 0.5125
1528 0.575
1529 0.55
1530 0.5
1531 0.5
1532 0.5125
1533 0.5375
1534 0.5375
1535 0.5375
1536 0.5875
1537 0.5875
1538 0.5875
1539 0.5625
1540 0.5625
1541 0.5375
1542 0.4875
1543 0.575
1544 0.575
1545 0.575
1546 0.575
1547 0.575
1548 0.55
1549 0.5875
1550 0.5875
1551 0.625
1552 0.625
1553 0.625
1554 0.625
1555 0.6
1556 0.6125
1557 0.5625
1558 0.5875
1559 0.5375
1560 0.6
1561 0.575
1562 0.55
1563 0.525
1564 0.525
1565 0.475
1566 0.5125
1567 0.55
1568 0.55
1569 0.55
1570 0.55
1571 0.5
1572 0.55
1573 0.55
1574 0.55
1575 0.55
1576 0.5
1577 0.525
1578 0.525
1579 0.525
1580 0.525
1581 0.525
1582 0.4875
1583 0.5125
1584 0.55
1585 0.55
1586 0.55
1587 0.5125
1588 0.475
1589 0.5
1590 0.55
1591 0.5
1592 0.4375
1593 0.35
1594 0.4375
1595 0.4375
1596 0.3875
1597 0.4
1598 0.375
1599 0.4
1600 0.35
1601 0.475
1602 0.4625
1603 0.3875
1604 0.475
1605 0.5
1606 0.525
1607 0.525
1608 0.525
1609 0.4625
1610 0.525
1611 0.4875
1612 0.475
1613 0.475
1614 0.5
1615 0.45
1616 0.375
1617 0.4
1618 0.3375
1619 0.3625
1620 0.3875
1621 0.3875
1622 0.3625
1623 0.3875
1624 0.3875
1625 0.375
1626 0.375
1627 0.4125
1628 0.4125
1629 0.3875
1630 0.4125
1631 0.4
1632 0.4375
1633 0.425
1634 0.425
1635 0.425
1636 0.45
1637 0.4375
1638 0.4375
1639 0.4875
1640 0.4875
1641 0.4875
1642 0.4125
1643 0.45
1644 0.4875
1645 0.4875
1646 0.475
1647 0.5
1648 0.5
1649 0.4625
1650 0.5
1651 0.6875
1652 0.675
1653 0.675
1654 0.675
1655 0.625
1656 0.5625
1657 0.5875
1658 0.525
1659 0.6
1660 0.55
1661 0.55
1662 0.5625
1663 0.5875
1664 0.5875
1665 0.5625
1666 0.5625
1667 0.5625
1668 0.525
1669 0.5375
1670 0.5375
1671 0.5375
1672 0.5375
1673 0.5375
1674 0.5375
1675 0.5375
1676 0.5125
1677 0.5375
1678 0.5375
1679 0.4625
1680 0.5125
1681 0.5625
1682 0.5625
1683 0.5625
1684 0.525
1685 0.475
1686 0.55
1687 0.55
1688 0.5125
1689 0.4625
1690 0.5875
1691 0.5875
1692 0.55
1693 0.5125
1694 0.55
1695 0.575
1696 0.525
1697 0.525
1698 0.525
1699 0.525
1700 0.55
1701 0.65
1702 0.6875
1703 0.6875
1704 0.6625
1705 0.6625
1706 0.6625
1707 0.6375
1708 0.6125
1709 0.6
1710 0.6
1711 0.55
1712 0.6
1713 0.525
1714 0.5875
1715 0.5625
1716 0.5375
1717 0.55
1718 0.55
1719 0.55
1720 0.5
1721 0.5375
1722 0.5875
1723 0.425
1724 0.575
1725 0.575
1726 0.5625
1727 0.5625
1728 0.525
1729 0.525
1730 0.5625
1731 0.5875
1732 0.5
1733 0.525
1734 0.5625
1735 0.5125
1736 0.55
1737 0.5375
1738 0.5375
1739 0.575
1740 0.575
1741 0.525
1742 0.525
1743 0.55
1744 0.575
1745 0.575
1746 0.575
1747 0.5125
1748 0.5
1749 0.525
1750 0.5375
1751 0.825
1752 0.7
1753 0.8125
1754 0.7875
1755 0.8
1756 0.775
1757 0.7625
1758 0.725
1759 0.7
1760 0.7
1761 0.6625
1762 0.65
1763 0.6625
1764 0.675
1765 0.6625
1766 0.675
1767 0.675
1768 0.675
1769 0.6125
1770 0.625
1771 0.6625
1772 0.6375
1773 0.6375
1774 0.5875
1775 0.525
1776 0.525
1777 0.475
1778 0.5
1779 0.575
1780 0.575
1781 0.525
1782 0.575
1783 0.5375
1784 0.525
1785 0.5375
1786 0.6
1787 0.675
1788 0.675
1789 0.625
1790 0.625
1791 0.6375
1792 0.5625
1793 0.575
1794 0.575
1795 0.625
1796 0.625
1797 0.625
1798 0.5875
1799 0.625
1800 0.625
1801 0.7125
1802 0.7
1803 0.6125
1804 0.6375
1805 0.6875
1806 0.725
1807 0.675
1808 0.6875
1809 0.6875
1810 0.6375
1811 0.7375
1812 0.6875
1813 0.7375
1814 0.6625
1815 0.675
1816 0.675
1817 0.75
1818 0.675
1819 0.675
1820 0.725
1821 0.75
1822 0.75
1823 0.7375
1824 0.7125
1825 0.8
1826 0.8
1827 0.75
1828 0.8
1829 0.8
1830 0.7625
1831 0.8125
1832 0.8125
1833 0.7625
1834 0.775
1835 0.8125
1836 0.7625
1837 0.75
1838 0.8375
1839 0.825
1840 0.775
1841 0.8125
1842 0.775
1843 0.8125
1844 0.8125
1845 0.7625
1846 0.8125
1847 0.775
1848 0.775
1849 0.7375
1850 0.7
1851 0.775
1852 0.8125
1853 0.7375
1854 0.8
1855 0.7875
1856 0.7625
1857 0.7625
1858 0.75
1859 0.75
1860 0.75
1861 0.7125
1862 0.725
1863 0.7
1864 0.7375
1865 0.5875
1866 0.75
1867 0.7625
1868 0.775
1869 0.7625
1870 0.75
1871 0.825
1872 0.7
1873 0.725
1874 0.7125
1875 0.7125
1876 0.625
1877 0.6625
1878 0.6625
1879 0.725
1880 0.725
1881 0.75
1882 0.75
1883 0.75
1884 0.7125
1885 0.725
1886 0.775
1887 0.775
1888 0.775
1889 0.75
1890 0.75
1891 0.75
1892 0.725
1893 0.75
1894 0.75
1895 0.75
1896 0.75
1897 0.75
1898 0.75
1899 0.7375
1900 0.7375
1901 0.725
1902 0.775
1903 0.75
1904 0.7
1905 0.7
1906 0.725
1907 0.7
1908 0.6875
1909 0.6875
1910 0.7375
1911 0.7375
1912 0.725
1913 0.725
1914 0.725
1915 0.725
1916 0.725
1917 0.725
1918 0.625
1919 0.6875
1920 0.7125
1921 0.7
1922 0.7375
1923 0.7375
1924 0.7375
1925 0.7375
1926 0.675
1927 0.725
1928 0.6625
1929 0.675
1930 0.65
1931 0.725
1932 0.725
1933 0.6
1934 0.6625
1935 0.7125
1936 0.7125
1937 0.6625
1938 0.675
1939 0.675
1940 0.65
1941 0.5875
1942 0.7
1943 0.7
1944 0.7
1945 0.6625
1946 0.7
1947 0.65
1948 0.7
1949 0.6625
1950 0.6625
1951 0.6875
1952 0.6375
1953 0.6375
1954 0.6625
1955 0.6625
1956 0.5625
1957 0.6125
1958 0.6625
1959 0.675
1960 0.6375
1961 0.7
1962 0.65
1963 0.5875
1964 0.575
1965 0.575
1966 0.575
1967 0.6375
1968 0.6375
1969 0.6375
1970 0.675
1971 0.7
1972 0.6
1973 0.7125
1974 0.7125
1975 0.6375
1976 0.7
1977 0.7
1978 0.65
1979 0.6625
1980 0.6625
1981 0.7125
1982 0.675
1983 0.675
1984 0.6125
1985 0.6375
1986 0.6875
1987 0.7
1988 0.6875
1989 0.7125
1990 0.7125
1991 0.6625
1992 0.7
1993 0.675
1994 0.75
1995 0.725
1996 0.7375
1997 0.675
1998 0.7125
1999 0.6875
2000 0.6875
2001 0.7125
2002 0.6875
2003 0.7125
2004 0.75
2005 0.65
2006 0.7125
2007 0.6875
2008 0.575
2009 0.6625
2010 0.6625
2011 0.6625
2012 0.625
2013 0.6375
2014 0.6375
2015 0.575
2016 0.6125
2017 0.6
2018 0.6
2019 0.6375
2020 0.575
2021 0.6
2022 0.55
2023 0.575
2024 0.575
2025 0.5375
2026 0.5375
2027 0.5375
2028 0.4625
2029 0.5375
2030 0.475
2031 0.5125
2032 0.5125
2033 0.5125
2034 0.575
2035 0.575
2036 0.575
2037 0.575
2038 0.5
2039 0.5625
2040 0.5625
2041 0.5125
2042 0.55
2043 0.6
2044 0.6
2045 0.5875
2046 0.5875
2047 0.5875
2048 0.5875
2049 0.55
2050 0.5125
2051 0.5875
2052 0.5625
2053 0.5625
2054 0.525
2055 0.5875
2056 0.6125
2057 0.5875
2058 0.5875
2059 0.5875
2060 0.6375
2061 0.6375
2062 0.575
2063 0.575
2064 0.575
2065 0.6125
2066 0.6625
2067 0.65
2068 0.6375
2069 0.6
2070 0.6
2071 0.6625
2072 0.675
2073 0.6
2074 0.625
2075 0.5625
2076 0.7375
2077 0.7375
2078 0.7
2079 0.65
2080 0.65
2081 0.675
2082 0.6875
2083 0.6625
2084 0.7125
2085 0.6625
2086 0.7125
2087 0.55
2088 0.7375
2089 0.6875
2090 0.7375
2091 0.6875
2092 0.7375
2093 0.7125
2094 0.7125
2095 0.6625
2096 0.7125
2097 0.6875
2098 0.6625
2099 0.6875
2100 0.6625
2101 0.6625
2102 0.725
2103 0.7625
2104 0.7625
2105 0.7625
2106 0.7125
2107 0.7625
2108 0.6875
2109 0.6625
2110 0.6625
2111 0.675
2112 0.725
2113 0.7
2114 0.725
2115 0.65
2116 0.6875
2117 0.7375
2118 0.6875
2119 0.7
2120 0.7375
2121 0.6875
2122 0.7
2123 0.7
2124 0.5875
2125 0.65
2126 0.675
2127 0.6875
2128 0.6625
2129 0.6625
2130 0.7
2131 0.6625
2132 0.725
2133 0.6875
2134 0.6875
2135 0.6875
2136 0.6375
2137 0.675
2138 0.725
2139 0.725
2140 0.725
2141 0.725
2142 0.675
2143 0.725
2144 0.6375
2145 0.7375
2146 0.7
2147 0.675
2148 0.675
2149 0.675
2150 0.725
2151 0.7625
2152 0.775
2153 0.775
2154 0.775
2155 0.675
2156 0.7125
2157 0.7375
2158 0.6875
2159 0.7625
2160 0.6875
2161 0.75
2162 0.75
2163 0.725
2164 0.725
2165 0.75
2166 0.7
2167 0.75
2168 0.75
2169 0.7375
2170 0.6875
2171 0.6375
2172 0.75
2173 0.725
2174 0.775
2175 0.775
2176 0.7375
2177 0.7375
2178 0.7875
2179 0.7875
2180 0.7625
2181 0.7875
2182 0.7875
2183 0.7375
2184 0.7875
2185 0.7625
2186 0.825
2187 0.825
2188 0.7125
2189 0.7125
2190 0.7625
2191 0.8125
2192 0.8125
2193 0.8125
2194 0.8125
2195 0.7375
2196 0.7625
2197 0.8
2198 0.8
2199 0.7875
2200 0.7875
2201 0.775
2202 0.8625
2203 0.7875
2204 0.7
2205 0.8125
2206 0.8125
2207 0.8125
2208 0.7875
2209 0.725
2210 0.7375
2211 0.6875
2212 0.65
2213 0.7
2214 0.65
2215 0.7
2216 0.625
2217 0.7125
2218 0.7
2219 0.6
2220 0.6375
2221 0.6125
2222 0.575
2223 0.5875
2224 0.5625
2225 0.6375
2226 0.575
2227 0.55
2228 0.625
2229 0.575
2230 0.6
2231 0.55
2232 0.575
2233 0.575
2234 0.5125
2235 0.575
2236 0.5875
2237 0.6125
2238 0.6
2239 0.65
2240 0.65
2241 0.625
2242 0.575
2243 0.5875
2244 0.5625
2245 0.5375
2246 0.6
2247 0.6
2248 0.5625
2249 0.5875
2250 0.575
2251 0.725
2252 0.7625
2253 0.75
2254 0.75
2255 0.725
2256 0.75
2257 0.725
2258 0.7125
2259 0.75
2260 0.6875
2261 0.75
2262 0.75
2263 0.625
2264 0.725
2265 0.6625
2266 0.675
2267 0.7125
2268 0.6875
2269 0.725
2270 0.7
2271 0.6375
2272 0.7
2273 0.7
2274 0.625
2275 0.6375
2276 0.6375
2277 0.6375
2278 0.5875
2279 0.6375
2280 0.6375
2281 0.625
2282 0.575
2283 0.625
2284 0.625
2285 0.5875
2286 0.6875
2287 0.725
2288 0.625
2289 0.6875
2290 0.6875
2291 0.6375
2292 0.625
2293 0.7125
2294 0.7125
2295 0.65
2296 0.7125
2297 0.6125
2298 0.625
2299 0.6875
2300 0.675
2301 0.7125
2302 0.7125
2303 0.7125
2304 0.6
2305 0.65
2306 0.6125
2307 0.5875
2308 0.625
2309 0.5875
2310 0.6125
2311 0.675
2312 0.6375
2313 0.6625
2314 0.6375
2315 0.65
2316 0.65
2317 0.65
2318 0.6
2319 0.525
2320 0.65
2321 0.6375
2322 0.6625
2323 0.6
2324 0.6
2325 0.65
2326 0.575
2327 0.575
2328 0.65
2329 0.5625
2330 0.625
2331 0.65
2332 0.625
2333 0.65
2334 0.5375
2335 0.7375
2336 0.6875
2337 0.7125
2338 0.6875
2339 0.6625
2340 0.6875
2341 0.6875
2342 0.6375
2343 0.65
2344 0.5875
2345 0.6875
2346 0.6125
2347 0.6
2348 0.6125
2349 0.7375
2350 0.7375
2351 0.7625
2352 0.75
2353 0.7125
2354 0.725
2355 0.775
2356 0.7375
2357 0.7625
2358 0.725
2359 0.7625
2360 0.75
2361 0.7
2362 0.7375
2363 0.75
2364 0.7125
2365 0.7
2366 0.7125
2367 0.725
2368 0.7375
2369 0.6875
2370 0.725
2371 0.6375
2372 0.775
2373 0.725
2374 0.7125
2375 0.7625
2376 0.7375
2377 0.75
2378 0.7625
2379 0.75
2380 0.75
2381 0.7125
2382 0.7375
2383 0.7375
2384 0.7375
2385 0.7625
2386 0.7625
2387 0.7625
2388 0.7625
2389 0.7375
2390 0.65
2391 0.7
2392 0.7
2393 0.6375
2394 0.6625
2395 0.6625
2396 0.7125
2397 0.6625
2398 0.675
2399 0.65
2400 0.675
2401 0.6875
2402 0.6375
2403 0.7125
2404 0.7
2405 0.7
2406 0.6875
2407 0.7375
2408 0.6875
2409 0.7375
2410 0.7375
2411 0.7375
2412 0.7375
2413 0.7375
2414 0.7
2415 0.725
2416 0.6875
2417 0.7375
2418 0.7375
2419 0.65
2420 0.6875
2421 0.725
2422 0.675
2423 0.7125
2424 0.675
2425 0.7125
2426 0.6625
2427 0.6375
2428 0.6125
2429 0.575
2430 0.65
2431 0.65
2432 0.6
2433 0.65
2434 0.6
2435 0.65
2436 0.6125
2437 0.625
2438 0.6
2439 0.675
2440 0.6625
2441 0.7125
2442 0.675
2443 0.65
2444 0.6875
2445 0.7375
2446 0.7375
2447 0.7375
2448 0.6875
2449 0.65
2450 0.725
2451 0.6875
2452 0.6375
2453 0.7125
2454 0.675
2455 0.5875
2456 0.5625
2457 0.6375
2458 0.6125
2459 0.625
2460 0.6125
2461 0.6625
2462 0.575
2463 0.6375
2464 0.6875
2465 0.6125
2466 0.6
2467 0.6
2468 0.625
2469 0.65
2470 0.625
2471 0.6125
2472 0.65
2473 0.6
2474 0.575
2475 0.6375
2476 0.675
2477 0.675
2478 0.575
2479 0.6375
2480 0.6375
2481 0.6
2482 0.6375
2483 0.6375
2484 0.5875
2485 0.6125
2486 0.575
2487 0.6
2488 0.6
2489 0.6
2490 0.6
2491 0.5625
2492 0.575
2493 0.525
2494 0.55
2495 0.55
2496 0.6
2497 0.6
2498 0.475
2499 0.525
2500 0.5
2501 0.6
2502 0.5375
2503 0.575
2504 0.525
2505 0.5875
2506 0.5875
2507 0.55
2508 0.625
2509 0.575
2510 0.55
2511 0.5
2512 0.6
2513 0.525
2514 0.55
2515 0.55
2516 0.525
2517 0.475
2518 0.55
2519 0.6
2520 0.5875
2521 0.5875
2522 0.5625
2523 0.525
2524 0.5625
2525 0.5625
2526 0.5375
2527 0.525
2528 0.5375
2529 0.55
2530 0.5375
2531 0.525
2532 0.575
2533 0.575
2534 0.5125
2535 0.575
2536 0.575
2537 0.4875
2538 0.5125
2539 0.55
2540 0.55
2541 0.55
2542 0.5
2543 0.4625
2544 0.4375
2545 0.4875
2546 0.4875
2547 0.45
2548 0.55
2549 0.55
2550 0.55
2551 0.575
2552 0.5
2553 0.45
2554 0.525
2555 0.6
2556 0.4875
2557 0.625
2558 0.575
2559 0.625
2560 0.625
2561 0.625
2562 0.575
2563 0.5625
2564 0.6
2565 0.55
2566 0.6
2567 0.55
2568 0.55
2569 0.5875
2570 0.5625
2571 0.575
2572 0.5375
2573 0.5875
2574 0.5625
2575 0.6125
2576 0.6125
2577 0.5625
2578 0.5875
2579 0.575
2580 0.5125
2581 0.475
2582 0.475
2583 0.5125
2584 0.4875
2585 0.55
2586 0.5
2587 0.4875
2588 0.4875
2589 0.4875
2590 0.4875
2591 0.4875
2592 0.475
2593 0.575
2594 0.55
2595 0.55
2596 0.6
2597 0.55
2598 0.5375
2599 0.575
2600 0.575
2601 0.6625
2602 0.6625
2603 0.6625
2604 0.6125
2605 0.6625
2606 0.6125
2607 0.6
2608 0.5875
2609 0.55
2610 0.6
2611 0.6
2612 0.5875
2613 0.575
2614 0.5625
2615 0.6125
2616 0.575
2617 0.6
2618 0.5875
2619 0.6
2620 0.6
2621 0.65
2622 0.65
2623 0.6125
2624 0.6
2625 0.5875
2626 0.6
2627 0.6125
2628 0.6
2629 0.6
2630 0.5
2631 0.575
2632 0.4625
2633 0.5375
2634 0.4625
2635 0.4625
2636 0.525
2637 0.525
2638 0.475
2639 0.5125
2640 0.475
2641 0.4875
2642 0.4625
2643 0.425
2644 0.45
2645 0.475
2646 0.475
2647 0.4125
2648 0.4375
2649 0.425
2650 0.425
2651 0.6125
2652 0.6375
2653 0.625
2654 0.525
2655 0.625
2656 0.625
2657 0.5875
2658 0.6125
2659 0.575
2660 0.5625
2661 0.5375
2662 0.5625
2663 0.5
2664 0.5
2665 0.5
2666 0.5125
2667 0.5
2668 0.575
2669 0.5
2670 0.5625
2671 0.5375
2672 0.55
2673 0.5625
2674 0.5625
2675 0.5875
2676 0.5625
2677 0.6
2678 0.525
2679 0.6
2680 0.5875
2681 0.5875
2682 0.5625
2683 0.5625
2684 0.5625
2685 0.5375
2686 0.525
2687 0.5375
2688 0.5125
2689 0.425
2690 0.4625
2691 0.5
2692 0.5375
2693 0.4875
2694 0.4375
2695 0.4875
2696 0.4875
2697 0.4875
2698 0.425
2699 0.525
2700 0.475
2701 0.575
2702 0.7
2703 0.6625
2704 0.6875
2705 0.6875
2706 0.65
2707 0.6625
2708 0.675
2709 0.675
2710 0.6125
2711 0.6375
2712 0.6375
2713 0.6125
2714 0.6
2715 0.6
2716 0.5625
2717 0.575
2718 0.5875
2719 0.5875
2720 0.5375
2721 0.4625
2722 0.4625
2723 0.4
2724 0.5125
2725 0.55
2726 0.55
2727 0.5
2728 0.5
2729 0.4875
2730 0.55
2731 0.4875
2732 0.5625
2733 0.5625
2734 0.5125
2735 0.575
2736 0.525
2737 0.5375
2738 0.4875
2739 0.5
2740 0.45
2741 0.425
2742 0.475
2743 0.4375
2744 0.45
2745 0.425
2746 0.4625
2747 0.4625
2748 0.4625
2749 0.3875
2750 0.4625
2751 0.6625
2752 0.65
2753 0.6875
2754 0.6
2755 0.625
2756 0.625
2757 0.6125
2758 0.6125
2759 0.5625
2760 0.625
2761 0.6375
2762 0.5875
2763 0.625
2764 0.55
2765 0.6
2766 0.6
2767 0.55
2768 0.6
2769 0.6
2770 0.6
2771 0.55
2772 0.5125
2773 0.5625
2774 0.6
2775 0.6125
2776 0.575
2777 0.575
